site,A,C,D,E,F,G,H,I,K,L,M,N,P,Q,R,S,T,V,W,Y
1,0.04465416704459742,0.029094009155602747,0.029094009155602747,0.029094009155602747,0.029094009155602747,0.4240516102507505,0.029094009155602747,0.029094009155602747,0.029094009155602747,0.029094009155602747,0.029094009155602747,0.029094009155602747,0.029094009155602747,0.029094009155602747,0.03669606705940553,0.029094009155602747,0.029094009155602747,0.029094009155602747,0.029094009155602747,0.029094009155602747
2,0.0588176196090823,0.04757100323864976,0.050034667553851164,0.052556896030176284,0.05866312495331545,0.05889601765803961,0.05486373450885971,0.04536776638748431,0.049067746813530544,0.054689260914892096,0.04324963613905695,0.05319089514995244,0.03875019577025842,0.04793601759555845,0.05499206693664784,0.050896153300279114,0.05249431894936632,0.04182951349578322,0.038234428517591124,0.04789893647762482
3,0.05086432088666305,0.059302280707827525,0.05223922512565661,0.054730107530981786,0.052557973794018,0.049184155788730005,0.04525240886297476,0.05636227027618401,0.04896930504396164,0.048143244270181344,0.05179089171558631,0.044344597843932514,0.05498802766314978,0.04656761817141901,0.03936123622177218,0.05093183879173479,0.05610601290377419,0.04878727249082605,0.04618986021936515,0.043327351691261194
4,0.04849704697628146,0.04631827470465499,0.0476632224373616,0.04773151576285188,0.049083676114344554,0.05488234277923198,0.043794564650895824,0.05485804841812915,0.04540687028994986,0.047818343214910554,0.05023301793380904,0.04719646203333627,0.05296367501036771,0.06082758500337993,0.0503389306183621,0.059990939560918964,0.048205731080807834,0.04639206909481941,0.053598762526346586,0.04419892178924046
5,0.0544447827637805,0.05198818784578783,0.04242444846658341,0.0412766217663411,0.05031092851928011,0.04665770101371574,0.042872880565604274,0.05385475418618763,0.04934041440788738,0.04607377223434945,0.04918359612154075,0.056124454265665535,0.05034490460239515,0.05645156106713273,0.05207357034809523,0.05165636671893684,0.05379219032202327,0.0486524912947149,0.0500073858815966,0.05246898760838158
6,0.06318825576803438,0.04856199792815936,0.05402480509344333,0.04784105550720634,0.057648560430050295,0.04593717950436564,0.04708632099708751,0.05800157851838224,0.04375729856987235,0.04637639026326371,0.048324834599303645,0.047039086669157695,0.04846141743053686,0.05739383142275836,0.03660749781589603,0.05150307970932896,0.05703048138537205,0.050821809050315775,0.03950451284197854,0.05089000649548689
7,0.05078089348624717,0.0526829828498838,0.05159214856251931,0.052125829914212295,0.04741022577583866,0.05105938561685527,0.04856474184102443,0.05153873887885751,0.046294331794313054,0.04734384007136244,0.047148337528554955,0.04851808644007175,0.05289075120645589,0.05317710016640056,0.04134125985370499,0.05850551272277506,0.05320265922834814,0.04054350473390274,0.051870079424511925,0.05340958990416003
8,0.054760982395309486,0.050579563944805034,0.05232386193443557,0.049810188773394506,0.0457861738604001,0.05744644861610146,0.04703304716323227,0.04093019639202988,0.051681545498475014,0.04689632888727402,0.05205355444923559,0.05676900612336324,0.05743629810668963,0.049213569233806494,0.05042913231034143,0.05347233505452317,0.051743673051206404,0.052797651112591014,0.03180729856965692,0.04702914452312889
9,0.06291332815640871,0.05583872790709477,0.04726738654797234,0.04782305945625959,0.05606481827469044,0.053024692148185844,0.04566305180966719,0.05204299980786989,0.04367800150177155,0.041836469007229926,0.06621105403960811,0.05788308014860808,0.047661465913142825,0.04325303514674892,0.033617807257685275,0.051659044856632044,0.04908747588426066,0.050446599153663035,0.0373284100124282,0.05669949297007257
10,0.08004616336875683,0.07095788272342289,0.0066485796140128145,0.0066485796140128145,0.06895518774794168,0.053136136826951064,0.03209782728361118,0.09077638619054136,0.01063030888320344,0.0839730027436511,0.059148933305947685,0.029344722280044866,0.058355903768994806,0.026720407633781525,0.015703773745628487,0.06807235461922335,0.0761996644199945,0.09690451653204062,0.03150836302944031,0.03417130566879877
11,0.05173396783129468,0.05127918151171809,0.05311621559225083,0.03643399650313979,0.052656409734767685,0.030318910474674426,0.05550516469627624,0.06540945081233976,0.05241867515176234,0.05709146810836955,0.04914281229547151,0.0560739762873073,0.03887859655802447,0.06013735744075478,0.035613418614573594,0.04667759217716837,0.05856035942020293,0.05297881316465154,0.03185521536092335,0.06411841826432883
12,0.06569341753858259,0.06600045347345279,0.01983786572787614,0.010495822339173485,0.06297325709649014,0.029092713619262908,0.048758652501992746,0.07594636457500736,0.039480807700373724,0.06405211882037865,0.057663769357562004,0.03844030532468951,0.07016891541239192,0.04104758801973363,0.03802321377903845,0.0654604950289821,0.05572394229887933,0.08186966040013535,0.02691832523062844,0.042352311755368646
13,0.0655511345885206,0.059941944387943515,0.009384107698051177,0.058846422586187205,0.049100394459294074,0.08656070001923824,0.0380247468612123,0.022548601007074724,0.07440379528337107,0.0456915589272552,0.04873028239547413,0.07679951959260653,0.030757685752420105,0.07406925555521335,0.055973155259947456,0.0629149874020005,0.046028844528332544,0.039790797206876,0.02062164254783329,0.03426042394114796
14,0.0647951157236874,0.06350823541109267,0.04268788801943059,0.05712215397639526,0.028303952870622883,0.06170148206034093,0.06746554549398955,0.06065505804040789,0.007308447674187236,0.05793486109245712,0.06263966834592043,0.0678767495241355,0.06318468843254764,0.06492255392419441,0.004656996281513961,0.04926099580490671,0.06960204809246448,0.060264322080234925,0.004656996281513961,0.04145224086995643
15,0.01978749914657801,0.01978749914657801,0.01978749914657801,0.01978749914657801,0.2000107536560455,0.01978749914657801,0.01978749914657801,0.01978749914657801,0.01978749914657801,0.04427059902768203,0.01978749914657801,0.01978749914657801,0.01978749914657801,0.01978749914657801,0.01978749914657801,0.01978749914657801,0.01978749914657801,0.01978749914657801,0.1507114898910671,0.288407171079957
16,0.059322510394876474,0.06837308795170516,0.005432320739687555,0.030602880716076936,0.05069289044544874,0.04777604686946842,0.05468465928765434,0.06205447180230179,0.05172826987242154,0.05929279088244797,0.04525995733158208,0.03184278223894024,0.005432320739687555,0.07290658402556864,0.07917727476962198,0.06532666410383176,0.050688268376730364,0.06756133361288168,0.023359392289080048,0.06848549354998663
17,0.08720843160070652,0.10743601716363341,0.01067535386412299,0.01067535386412299,0.07234663907083771,0.01067535386412299,0.01067535386412299,0.10039323419638253,0.01067535386412299,0.14088441361857373,0.11425367997845162,0.01067535386412299,0.01067535386412299,0.01067535386412299,0.01067535386412299,0.01067535386412299,0.09177417752219841,0.15559564073369253,0.01067535386412299,0.012678873610170751
18,0.05913497269677179,0.060588226718608994,0.011198044393324025,0.03309006009121495,0.04922386097949762,0.05136512869632142,0.048268344667156536,0.06542157588151402,0.06431878494389896,0.05026495305773333,0.06307190923843524,0.04255006146673119,0.005218992732056624,0.06232450784047473,0.058746767511947774,0.06591282168300719,0.06881709526933139,0.07606797193467528,0.02936470222940378,0.03505121796789506
19,0.02052236673314306,0.1141084245360735,0.04093732848683199,0.011211834381485132,0.011211834381485132,0.025632126723023584,0.011211834381485132,0.09731920166789476,0.015681261458669077,0.07709554540381096,0.06254303106457051,0.1634149627817081,0.11471771297589692,0.011211834381485132,0.011211834381485132,0.05264335121463971,0.04679868209726919,0.09010316418607281,0.011211834381485132,0.011211834381485132
20,0.08607779153922279,0.032412390681415354,0.0112080937702644,0.038407538064733425,0.06805738226119468,0.02375552744753758,0.08629002970291395,0.015889093424850537,0.051216721095642265,0.07983498265079614,0.08224254831423396,0.038692887620225096,0.007322943906734347,0.09240336053830792,0.09073138622353706,0.044271429512075564,0.01367150911193385,0.038407538064733425,0.060699308004914326,0.038407538064733425
21,0.02915529235894566,0.02915529235894566,0.02915529235894566,0.02915529235894566,0.02915529235894566,0.02915529235894566,0.4249448264768093,0.02915529235894566,0.02915529235894566,0.02915529235894566,0.02915529235894566,0.02915529235894566,0.02915529235894566,0.050259911062169,0.02915529235894566,0.02915529235894566,0.02915529235894566,0.02915529235894566,0.02915529235894566,0.02915529235894566
22,0.04855277225965051,0.062234254954722956,0.01047223232863663,0.026132780995661454,0.06404511833267355,0.039639748357149826,0.02279064488847458,0.051903525254771286,0.07191746315930966,0.07537551394244824,0.058433041155604416,0.06625581715333781,0.005171483469790621,0.062139069647370176,0.056521701296540716,0.054104107364415406,0.056614057990905665,0.06585107697919111,0.04679622538101842,0.055049365088326786
23,0.1451051388642556,0.09644187595723426,0.009955604781562525,0.009955604781562525,0.02950737809612285,0.1137071636687411,0.057530356178469196,0.03393878491905392,0.028397808246132243,0.021519115346815425,0.06599709659591639,0.018836260835034466,0.01941064682200304,0.02295717804032307,0.04934473296288432,0.0931410514766547,0.09550584320316692,0.054735732874960176,0.009955604781562525,0.02405702156754448
24,0.0511034836570473,0.050246298604152966,0.05708175279119974,0.047874731348072776,0.04484542506366916,0.05879000482509072,0.04562957946506496,0.04572499936092432,0.04928899236256731,0.05070601699285491,0.04897554861376993,0.05395988546095023,0.047435032481285555,0.04601679987307935,0.049673979568287084,0.05554032167525813,0.06576840848055356,0.04937662962471643,0.03882539301930676,0.04313671673214865
25,0.044019473757826943,0.04493779703177513,0.060133397536782485,0.05373650304326304,0.04588487242922199,0.052296799155373434,0.053230497069082276,0.05031268009291314,0.05144763667833248,0.04500597401224958,0.04744340095849728,0.05116934703846845,0.05159261866819367,0.05104074123684146,0.04846518348193125,0.0674013165422439,0.053319584820313515,0.03863839527992916,0.043545480523084955,0.04637830064367586
26,0.06287469489754809,0.0463131278931586,0.04964833286977903,0.04985889231209656,0.05325740211454423,0.04856899323523024,0.05479776132484779,0.053582349973031934,0.04161113704643807,0.04481488165855077,0.053436295599559466,0.055281616628933355,0.051969411076611106,0.049763267637242134,0.04422689212145816,0.05019674416014527,0.041820676454304345,0.05664092385059046,0.0497256682849093,0.041610930861020995
27,0.06472733822442742,0.06747901200146161,0.10132141461912698,0.08972204210315772,0.03566789776491935,0.03515959798449968,0.06949347819764884,0.04106377033128796,0.013107588582192143,0.056417392267334214,0.06600992270775288,0.05699870552340942,0.013053854176478074,0.07486019677201812,0.006951621202061654,0.060164063338515435,0.04064847711010322,0.0414900675652072,0.02155115928354475,0.04411240024485332
28,0.047062450492737495,0.04261618779006144,0.04056372335996234,0.04067408315024596,0.0574773054654892,0.03988597303240597,0.061736698885187215,0.05230613267086454,0.07192283284386214,0.0489679279127376,0.05730136019318052,0.04589109922624182,0.008080359275071435,0.0600182141504508,0.0602065732534546,0.043549180796999896,0.049581812603260736,0.04988332989045999,0.06858231052891885,0.05369244447840725
29,0.04527088975128204,0.054648267106249454,0.046137480608854045,0.046123646064954595,0.04642036466593088,0.046264637084595474,0.0545139159392579,0.046956749085456814,0.05534404264455303,0.044302239231195424,0.04891756368232686,0.051195935873844675,0.046528080368230466,0.06609159377592592,0.04827156906816426,0.06125481312116694,0.05239937379518864,0.044022736324573625,0.04662181671220772,0.04871428509604119
30,0.05784294243081775,0.04875919667062283,0.05530108164143604,0.03905438496850399,0.0479452844641574,0.04781570062130993,0.05937158630358418,0.035275314036458574,0.047253933341319554,0.05443786275097256,0.05664000207730961,0.06666419296664755,0.01526277710447921,0.05063933991910948,0.05377491963402827,0.049536642788900465,0.055311292700225966,0.04828471272474775,0.04751976107146369,0.06330907178390525
31,0.0638515632368474,0.06745573397442484,0.021206092836832727,0.04359741584154514,0.043072556983802135,0.04684642637768083,0.049066926002831655,0.04196264376308155,0.06031889895144195,0.04752586504666282,0.05882151272237503,0.052549030053646785,0.049916167822572924,0.05628342274535674,0.043210294958994776,0.04693475860307062,0.05101911314672277,0.05277872863958578,0.05257644586981674,0.051006402422706654
32,0.08998483896039082,0.08687059606019863,0.008054884306960605,0.008054884306960605,0.03200801198930574,0.016237586605230003,0.02224037738121674,0.10516864227506031,0.058164065969934814,0.08570767130152368,0.08003097841908767,0.017808706621652338,0.03933874434196922,0.03225392189731772,0.058329291639802876,0.031029993155820855,0.06662162615553775,0.11740171808162002,0.008054884306960605,0.03663857622344895
33,0.04780563563382994,0.040876031508604915,0.027764299734489087,0.021459024060771086,0.08250502342334697,0.04284745863967263,0.06154832327089154,0.046874190004764844,0.03871307995659016,0.06742763921286235,0.07302182417246018,0.02301676110754539,0.007078085240420387,0.049226548527128815,0.02664223367831613,0.056163381935439814,0.05215738529539728,0.057851366530287246,0.10316465591385608,0.0738570521533252
34,0.05882444711648557,0.05257515986599943,0.057525412541295166,0.0738869522504831,0.03923038936381896,0.041432346623570517,0.05552187191195158,0.05406708676014555,0.04866459449681053,0.04180182488343399,0.05566234907964872,0.054499489822947965,0.014972805130418895,0.04817465322226181,0.04524921917008291,0.05712259710348368,0.05794935345205673,0.05333781037166283,0.040709875820122886,0.048791761013319224
35,0.05135531263981506,0.07321939718777763,0.07161940877590407,0.05742597014413095,0.03789241993782732,0.04676607403133326,0.06730944732373124,0.0276700785990866,0.060066019400272355,0.04406287176085589,0.05117888607701074,0.05399235935379061,0.004963436344154828,0.05980286868546818,0.04869389151121532,0.07234318112911683,0.04813095294777877,0.04773368885932162,0.03504213268959173,0.04073160260181717
36,0.051614177439076064,0.0473529085917734,0.06067524414792496,0.057081904573439875,0.04530765822674411,0.04795052255853559,0.05438179688297499,0.04558042141438084,0.05651050678162204,0.04907346172786647,0.05411181492715804,0.043061550755563394,0.045485227978985035,0.05173789301111414,0.045157349817269855,0.048911255237520615,0.050153321164514306,0.04353877411938967,0.04336103335222438,0.058953177291922336
37,0.055709552840733034,0.044612442435263654,0.049798381354802496,0.05638899005853969,0.04482697512730272,0.05031702457465244,0.04496694995394284,0.04519865927560859,0.04913778048308882,0.049646594331445096,0.05396222235279817,0.06737779888488857,0.05053125225843665,0.05480008661257585,0.04079754607648988,0.05124340850310069,0.053467787095377445,0.04809418199492294,0.05034981871309974,0.03877254707293058
38,0.07274893708440809,0.04225405583257235,0.04282430728363732,0.015551922932229475,0.015551922932229475,0.015551922932229475,0.04130448833121134,0.015551922932229475,0.06546601601887493,0.03554177821765943,0.08397345845833487,0.025619908734425954,0.015551922932229475,0.12510184018353532,0.226672712125599,0.07095205693387771,0.03671273353200794,0.015551922932229475,0.015551922932229475,0.021964246738249486
39,0.02831851099357847,0.02831851099357847,0.41274855323326953,0.07751824888231827,0.02831851099357847,0.02831851099357847,0.02831851099357847,0.02831851099357847,0.02831851099357847,0.02831851099357847,0.02831851099357847,0.02831851099357847,0.02831851099357847,0.02831851099357847,0.02831851099357847,0.02831851099357847,0.02831851099357847,0.02831851099357847,0.02831851099357847,0.02831851099357847
40,0.04461289621483377,0.09678086971329077,0.011668831150256803,0.011668831150256803,0.011668831150256803,0.011668831150256803,0.011668831150256803,0.14399425847785635,0.011668831150256803,0.1700757916362181,0.13419728784829704,0.011668831150256803,0.011668831150256803,0.011668831150256803,0.011668831150256803,0.011668831150256803,0.13114790700327894,0.12749618415288666,0.011668831150256803,0.011668831150256803
41,0.0705953317113134,0.078602811400335,0.007532096278376994,0.016249647010813887,0.06888376462575307,0.007532096278376994,0.08926013788233957,0.09059993465164863,0.007532096278376994,0.10978196708219462,0.09678488674580021,0.03157133040620429,0.007532096278376994,0.05281589455682802,0.007532096278376994,0.03838829571384711,0.052893728127702946,0.09637220674368081,0.03013236548607379,0.03940721646357988
42,0.11319262250595787,0.11539268912745763,0.011396066939975365,0.011396066939975365,0.06212617834529714,0.011396066939975365,0.011396066939975365,0.1382763876800639,0.011396066939975365,0.08888599482688568,0.08093284522581123,0.011396066939975365,0.011396066939975365,0.011396066939975365,0.011396066939975365,0.02607316979951921,0.08366318313097527,0.1661001930183032,0.011396066939975365,0.011396066939975365
43,0.06819741804290398,0.0642846453103749,0.031293393162298795,0.0429916154210473,0.03672160890894684,0.06562182337039005,0.0625416387788341,0.031672351733260974,0.037021778356890606,0.060575661547372504,0.06278864523784902,0.044844041045478546,0.010499397024264416,0.06270136583282837,0.057110422625944436,0.07809029224611233,0.059066150389502574,0.06582171897921,0.005357743309189722,0.0527982886773006
44,0.05962160692153639,0.07897435225201507,0.006831844753824477,0.006831844753824477,0.04183807039064575,0.06237143344335292,0.032937409633624806,0.07659414222152082,0.034708649007375574,0.07599919323925035,0.06055358368636051,0.04890409070810713,0.08138333748296328,0.011584964001717683,0.03759734020422848,0.061806882479385636,0.09957564642769472,0.06603715490035215,0.030470217587584315,0.02537823590463541
45,0.056418444400811125,0.050578476834647515,0.05527694803256136,0.050046955162612004,0.045013226519114186,0.06128534619048738,0.049730109997831354,0.026749736670397876,0.03869386572865144,0.040888524392025255,0.04826866329247059,0.0640338249613144,0.04066482979562541,0.051239471906689454,0.047831568404767384,0.05947483606516546,0.06908118399866638,0.04488214635982947,0.04785352259189423,0.05198831869443784
46,0.05041461317582746,0.044017832567262445,0.051855918474146646,0.057077735373505994,0.05214854497074806,0.04668827612492287,0.049704290556314895,0.0569546247252914,0.049274969069738536,0.04109581661730102,0.04917743897524294,0.04801655774681547,0.062074044104590095,0.045629531361248546,0.0402149515690576,0.0475410154726746,0.05854997953174207,0.053692823440161894,0.04497364552894036,0.05089739061446717
47,0.05965034313265058,0.062100644500214755,0.03754647653977778,0.061294954975201175,0.04577150070192019,0.041669596731801324,0.0538538114288587,0.04853913263308821,0.058648705190365726,0.04208332209546078,0.045958210498702495,0.053224022254656396,0.03018503400574403,0.05563888216127795,0.05350517378272314,0.04635514143990026,0.05372252312381173,0.05121395501020528,0.0519986131505383,0.04703995664310115
48,0.05957455322907984,0.058840023621872,0.042986835070066995,0.06421595701348976,0.058137681035186926,0.051893777539049675,0.07767459124129632,0.01511962520555047,0.005329222231689371,0.04209389483783994,0.052219626821893426,0.07038079314541648,0.036136534880502766,0.06374474765787273,0.021509387822352108,0.05843896334001027,0.051081226988362934,0.021067685041183778,0.07283744951909825,0.07671742375818634
49,0.05597659007790439,0.051593698489335114,0.049479272152303196,0.04800827630948594,0.04498147817464759,0.06999073752920354,0.06277545357861757,0.02450802589263182,0.05297343591309928,0.028324830347340017,0.05387831444734922,0.06189751908185021,0.033345136421970664,0.051251601645991685,0.053539603491491186,0.06389189588747268,0.05929023112706163,0.03702858170590869,0.05111958030546155,0.04614573742087413
50,0.04523652946308843,0.05589544555005199,0.04873068757773607,0.06218793312502513,0.044101567781378505,0.049594974787740505,0.049515612157649866,0.04536563141465991,0.049985815211980034,0.05168748368419007,0.06358822850655625,0.05560708280106951,0.05032298565993888,0.052539959465700656,0.04188737481151391,0.045178392372966496,0.0423469795522453,0.04688259505853098,0.058554881023912285,0.040789839994065116
51,0.05281423801054579,0.0587836410063876,0.06951135073661951,0.07224335691586062,0.04153710884959823,0.049787373812982226,0.0546088044130454,0.02547980590205941,0.043995228225315375,0.04290492722664172,0.053178586133292426,0.058046209500028555,0.030392247231404303,0.06387569639147223,0.04754591060509554,0.060264117266204786,0.0489566840605416,0.036215152536967686,0.041637954941356276,0.04822160623458069
52,0.05009116681342858,0.05310343734076164,0.050616693902466925,0.047797516375804365,0.05315493966070016,0.04004893195795159,0.056899460321486066,0.055162446513458196,0.05521014821795179,0.03937493682159712,0.04834017717224475,0.04760065629029661,0.049142708310597576,0.055362713271426944,0.05773568450197365,0.05423147519815657,0.04701088450076191,0.034734135943709415,0.04804576455975642,0.056336122325469896
53,0.07541335694472077,0.07185282375873357,0.006746162920267287,0.006746162920267287,0.05151603913066223,0.0363913255059889,0.025429855226709035,0.09832681477665474,0.0490323990451199,0.08394323632221252,0.0922765019639109,0.03880198917314458,0.058761717864350645,0.056815964549054666,0.05835425448362864,0.03346723902447749,0.0534934350119094,0.08456775646845634,0.006746162920267287,0.011316801989464097
54,0.18456697912230038,0.11310301353115794,0.024296143929195057,0.012663065651916468,0.012663065651916468,0.14131190048410094,0.012663065651916468,0.012663065651916468,0.012663065651916468,0.012663065651916468,0.012663065651916468,0.012663065651916468,0.09196149768922819,0.027627390504745417,0.034539324219662666,0.13535342825607083,0.09383716375018758,0.026772501994186643,0.012663065651916468,0.012663065651916468
55,0.06282793926563829,0.04716994970980115,0.030931261392513298,0.03254882682670227,0.035144491881119067,0.04572150913152718,0.08321552201207254,0.03268532735819111,0.05214587372193051,0.037359780239087585,0.05108456845096364,0.07145410973523099,0.043794893481679704,0.06459638924367274,0.08137751827008324,0.0569218850270891,0.05907720484361169,0.041213292246672834,0.03254362262900493,0.03818603453340804
56,0.029783869569721157,0.43410647817529807,0.029783869569721157,0.029783869569721157,0.029783869569721157,0.029783869569721157,0.029783869569721157,0.029783869569721157,0.029783869569721157,0.029783869569721157,0.029783869569721157,0.029783869569721157,0.029783869569721157,0.029783869569721157,0.029783869569721157,0.029783869569721157,0.029783869569721157,0.029783869569721157,0.029783869569721157,0.029783869569721157
57,0.04349046727951599,0.049373987612281164,0.053786278365528656,0.05158818859007638,0.04556056700757245,0.05160271812560444,0.04821180140174915,0.05360557934372029,0.0431358794243468,0.04441118366108527,0.04465100799290509,0.05832244031496331,0.05028282311615773,0.0662997178916872,0.046337155888774836,0.05542973824387803,0.059093079728933406,0.044593101873871555,0.04277988865301865,0.04744439548432965
58,0.026597260866282064,0.38766095240724896,0.026597260866282064,0.026597260866282064,0.026597260866282064,0.026597260866282064,0.061033872510557266,0.026597260866282064,0.026597260866282064,0.026597260866282064,0.026597260866282064,0.026597260866282064,0.026597260866282064,0.026597260866282064,0.026597260866282064,0.026597260866282064,0.026597260866282064,0.026597260866282064,0.0991517403553987,0.026597260866282064
59,0.04394704397882545,0.051294077461410334,0.05006214339924283,0.047283842876005615,0.044938560182077425,0.047361468263628435,0.052968676981740355,0.0518567116803338,0.05309397832926196,0.06397845199589154,0.05416429970662281,0.046985316105648184,0.04261660297297284,0.055043010141481066,0.04909899469293619,0.04222305711198307,0.06839886316217571,0.04886309412863798,0.03925815374232628,0.04656365308679811
60,0.05267952943254247,0.046980477824442715,0.07654761091907934,0.04697765191415507,0.048754784162830384,0.051616140085996166,0.05088782126338758,0.04838427901742934,0.05706195286383947,0.039322941688979075,0.04848346890352718,0.05376019994725823,0.004323210222186747,0.05540411075277859,0.05558231381420241,0.05316380093350597,0.06301174397677524,0.0483984557927103,0.04343761890716296,0.05522188757721061
61,0.2569404181537661,0.07514032567793903,0.017974077964975247,0.017974077964975247,0.017974077964975247,0.2619761567770216,0.017974077964975247,0.017974077964975247,0.017974077964975247,0.017974077964975247,0.017974077964975247,0.017974077964975247,0.017974077964975247,0.017974077964975247,0.017974077964975247,0.1183578519516698,0.017974077964975247,0.017974077964975247,0.017974077964975247,0.017974077964975247
62,0.059451624283898406,0.044657617337492905,0.06067006212565632,0.06495235274173204,0.05109947738688761,0.057262434196372,0.04848961286215078,0.05100488780698495,0.04680221457441154,0.052699392361723316,0.046260960423547576,0.05552810264599028,0.004557333255406062,0.05991189241088817,0.004557333255406062,0.05717384101531486,0.06202981765436159,0.06642413890325177,0.056452317931733616,0.05001458682679019
63,0.0711288269052826,0.029625023635318843,0.013875648636582102,0.013875648636582102,0.11797293200628328,0.0337522553836721,0.09109573662220614,0.013875648636582102,0.013875648636582102,0.013875648636582102,0.050758169428998384,0.02827285662323508,0.013875648636582102,0.03815563290436663,0.013875648636582102,0.05794019141210732,0.03045919895359035,0.023929551686740224,0.12753944000119088,0.2022406439809334
64,0.05426263400663838,0.0398766483548975,0.06452621398226949,0.053133575507337764,0.07240380358214338,0.053044990790674484,0.0556818830923511,0.025764512977839164,0.03985687558972606,0.04510303742004351,0.06238296026173924,0.06017376707510706,0.026539716040469067,0.05232598322503976,0.0651725589378648,0.04134474332713738,0.03334164218741754,0.03852714437419744,0.054660598297027074,0.06187671097007976
65,0.09227909769763107,0.11078889364438455,0.025327121247514826,0.007601181101806977,0.007601181101806977,0.06426366827084241,0.031846837740525887,0.06287013782888347,0.0431556970520214,0.07882688683107754,0.04127895045510728,0.007601181101806977,0.007601181101806977,0.0716832840747417,0.06877328077665888,0.08554195780816153,0.059736594561203456,0.08633519743498137,0.03928648906722988,0.007601181101806977
66,0.06515949832428651,0.044739746056654844,0.05606416044409817,0.056838847082775756,0.04507785462152022,0.040759054799240226,0.049706581701580994,0.04471976449015352,0.057052556120025785,0.03759651690060878,0.05208941512611642,0.05489663634974414,0.05496340606723279,0.052834302857561424,0.04541638562604691,0.049206301429040866,0.05101038371432602,0.04152473601795821,0.056320401796491996,0.0440234504745364
67,0.05424733391630813,0.03910670096808907,0.0074856499648090075,0.012358673458908306,0.03863791364676691,0.07518983585677827,0.08042728022804929,0.022589084797722588,0.06813090610882472,0.022042473832280245,0.06486953313920901,0.0947108423115815,0.0074856499648090075,0.042639812571586465,0.07163762363374648,0.1091050018020444,0.08220169990751389,0.030131794758678453,0.04048101767594517,0.03652117145634909
68,0.0663459762018808,0.029737573298540463,0.046919669234113594,0.06094193155736712,0.05032174024237737,0.04245721846438426,0.05595349178198718,0.05018986984548496,0.06883566177301836,0.05686439232052114,0.04901692818358803,0.05408676107299769,0.004722786862363119,0.04882925878613574,0.05093506560107234,0.06359272273210971,0.054889319722391645,0.049480354580714536,0.04312453317635576,0.05275474456259624
69,0.05025045866647753,0.054331684380435966,0.0661538413155271,0.06465457009913768,0.04850211721006545,0.047799974381661,0.04587793077743953,0.05060755313791054,0.049588981542905766,0.0442219469604248,0.05850785358958095,0.07059006712444503,0.016550868313420748,0.04653494488506247,0.05016210012156087,0.05379510106006449,0.04982042519441318,0.041878143176444,0.04000049409777589,0.050170943965246975
70,0.05112010526518108,0.046704785001633706,0.052099623289306264,0.04893413071259172,0.060067940050387396,0.05709912763569904,0.04051769420351993,0.05358669146605309,0.06060285164750803,0.056058605954370025,0.052273205344095304,0.04692140606433354,0.0041579370955474705,0.056129671700470285,0.04460747960809212,0.05439537257348478,0.06092800165652705,0.04832016487381068,0.05090378361517796,0.054571422242210475
71,0.0401563751375491,0.048206783363047574,0.0555279361660478,0.05032954902243092,0.05124270195224008,0.037400576677589455,0.05752680918224937,0.05007478776515924,0.041959467982619035,0.04967963477007393,0.051428405197516375,0.05339270421462824,0.04638009121619066,0.04700348748759785,0.06725439379519248,0.06222445152226923,0.043698869268029614,0.05246832940951793,0.04990369267782383,0.044140953192227224
72,0.055541470679549836,0.06333281940243728,0.024030414639216,0.046433240973131916,0.048759543663727346,0.025973620971845756,0.0703229262504372,0.06204207143779915,0.04112547419159553,0.05678551717959473,0.07012404261640268,0.04578161844852681,0.028252761653080806,0.060893306146368384,0.03346551749802008,0.05477204657634067,0.05663935310546006,0.050197587235935724,0.0451056197712497,0.060421047559280266
73,0.04461504539632664,0.039043730213610316,0.061458063390831194,0.05450005398103024,0.03931491323189316,0.04581718097103985,0.05179141990087322,0.04770616061554898,0.053633466989519055,0.05362307176735697,0.04414027319053779,0.06351097715398218,0.0633714876031099,0.04824372070859539,0.048264690648214606,0.04563932979906259,0.053631543627015,0.04976478842150718,0.04631301864711006,0.04561706374283585
74,0.07026217099902418,0.08833926454254934,0.006932012759966762,0.033976882172629175,0.021257994325886768,0.0778223996752111,0.013646439055404415,0.10103561724412868,0.042794445399579724,0.07609075381419472,0.0522108855896699,0.04375253530352975,0.006932012759966762,0.04397170691361038,0.0741446792492424,0.074454304013275,0.07231277232964048,0.08619909833255726,0.006932012759966762,0.006932012759966762
75,0.04936079324064365,0.04899013359292501,0.05911864774418897,0.0606396923263965,0.03386162183969715,0.05150615713577891,0.04826988694693708,0.054095507562621256,0.04613615234528631,0.05569448811660424,0.042997694064711864,0.045869130013763165,0.05072231873779742,0.05460275206607286,0.05163402368290502,0.06288733682841795,0.05369519511483422,0.045900642684082775,0.04137143611959487,0.04264638983674083
76,0.05429043177594458,0.08181395464981998,0.006899279563057116,0.006899279563057116,0.10055852366847354,0.04516625353692169,0.050839710073324176,0.0659034107454343,0.006899279563057116,0.07203138615683863,0.06418381881568247,0.02360371109251367,0.030109607268155047,0.022969548514938976,0.006899279563057116,0.05769893674406459,0.06996805764157754,0.08197954522441314,0.0958298696330964,0.0554561162065729
77,0.054036347021510944,0.03909841589453476,0.05428338574785514,0.06639561897299051,0.054597975212883024,0.04947427152556258,0.050276661634993454,0.04113343962747453,0.04201037800711875,0.05347268150615871,0.04669314158805674,0.051856529768328725,0.04784516106545824,0.056471098701099114,0.04835765597846469,0.043278827998587725,0.051764100339729016,0.05750870689917878,0.043609572478439204,0.047836030031575195
78,0.0527293839716339,0.049877699317364764,0.0497009615984114,0.0610263875157718,0.04394445598077365,0.07154060952052717,0.04342433480632578,0.03812139882805644,0.0565508068147138,0.04731704650462653,0.04308403530968465,0.05405137282053661,0.04325707439584407,0.05138941301772,0.049715044502016026,0.06223579932255404,0.056160786277049304,0.04110343569012146,0.040116774151361737,0.04465317965490682
79,0.043172373072163796,0.04576837868195108,0.04298970932439811,0.045451642852075105,0.04602979301186905,0.04100448137722465,0.05697784331751179,0.043743582342251106,0.04730856891488691,0.043755010121976017,0.05594524353174981,0.057519963707262554,0.08621589746890575,0.04970679259962853,0.05458871266013989,0.055000717203606254,0.05347207089082816,0.04567033348077928,0.04896422534316372,0.03671466009762834
80,0.04733527936825696,0.05475091387114149,0.06090976907838493,0.03911904283215098,0.04569365490232321,0.0790947626486815,0.03753629798116082,0.04743948568466172,0.05246518790119571,0.05338944167695389,0.050790609332575946,0.05304798845318183,0.030415393794759348,0.053904791045121664,0.0500888358037202,0.04599931875032974,0.05306482713793743,0.05666254931547469,0.043475821018553684,0.04481602940343415
81,0.0424489710693591,0.044795335475484144,0.04201611869005292,0.03900876741436732,0.05093697157967315,0.04485964444994851,0.04818468820726289,0.06095522694750505,0.04700757341998342,0.07971637871019971,0.05332884750396103,0.0536639000409468,0.05395355477912711,0.0488294226328111,0.0459685141586926,0.04563884533545773,0.05235448582273729,0.05074076734276834,0.05058273194881437,0.04500925447084744
82,0.04958888650077768,0.044221877292827866,0.014720632170605426,0.049014616981989174,0.055420076549030556,0.027686778548406503,0.05963302678685386,0.06110340425666087,0.054225029942426235,0.05353281171626679,0.047291671641308264,0.0405914323426009,0.018309491006527193,0.07602603412585227,0.046632844588210716,0.062465881585997064,0.05505859439348359,0.0737646769852662,0.05136160427127682,0.059350628313631866
83,0.04074008693104188,0.04605544483668573,0.0507058898948926,0.07327526094768945,0.04614172783926014,0.04938936031433878,0.052515694477772795,0.055994197337609304,0.04722989769771199,0.0456331700662858,0.049430722602696875,0.049733227934500066,0.0479545406762998,0.04517547625744515,0.04531512902761327,0.06081129830981206,0.05534988743515431,0.047641509634378194,0.040921675117338754,0.049985802661473094
84,0.09144541896005387,0.099201390106551,0.009013010218543357,0.009013010218543357,0.009013010218543357,0.08969197928663171,0.02969777677038551,0.06845326152675009,0.009013010218543357,0.08094709490878826,0.08024779730705232,0.032116886791429586,0.04048367493386448,0.009013010218543357,0.009013010218543357,0.09201212461168813,0.0922318981574416,0.1313666148910167,0.009013010218543357,0.009013010218543357
85,0.05113116666830711,0.051360458398435116,0.05264223576228555,0.05334851947609709,0.039821718196188474,0.05403383058632525,0.04854801146966873,0.0496914983606964,0.06571605161352542,0.03539161310280965,0.049658472543563766,0.04938744948324119,0.01877456457833572,0.07698181216648899,0.05558690223860504,0.05839032524923269,0.049226340282239135,0.04889092533080035,0.04920249116865145,0.04221561332450286
86,0.0506744859674962,0.05476226636917026,0.05005176828213011,0.07044991107096656,0.053134158837410884,0.045569978791293216,0.05714738035427822,0.042980106157743427,0.039098080828737516,0.04830427694474046,0.05286060674622743,0.05154751262272182,0.05205173663965714,0.05009679466083245,0.0379374047481304,0.05754783241986461,0.04220258693587508,0.0466158050678046,0.039723256495403404,0.05724405005951607
87,0.05166703891428754,0.11701990592961949,0.023269953111395236,0.012038307824586028,0.01935769851349619,0.12135656355061451,0.07458901487807953,0.012038307824586028,0.012038307824586028,0.012038307824586028,0.012038307824586028,0.11578269207264621,0.012038307824586028,0.026603172286969866,0.012038307824586028,0.17546099578121743,0.12700744343541334,0.012038307824586028,0.027599154670249152,0.023979904259323625
88,0.04639433134736073,0.04318609083685163,0.0461682427368149,0.07409742464981692,0.0439519555640698,0.05759140605555708,0.051818399981291,0.04797031835452687,0.061319137106719525,0.04601085129043244,0.0382473385503629,0.04977732718353091,0.051797314576094204,0.05152288249325053,0.04800617198823119,0.048236761298550916,0.054329153659331234,0.04638450155998781,0.047368255999768474,0.045822134767450846
89,0.08127887849238531,0.07165892897092083,0.03449354891482231,0.01904494557172183,0.08129167630792132,0.026895653674835797,0.09563825510922284,0.020333440397137373,0.026322847216745427,0.02486372257932446,0.0524838513976588,0.03768710734075581,0.022612066969478168,0.03279231278321068,0.02511528334874516,0.06916482199972326,0.03453789183130566,0.04225236982222949,0.07390349578308275,0.12762890148877287
90,0.06043964042567271,0.06890485954440824,0.020011921064366587,0.020011921064366587,0.19505775949529772,0.036439302096853754,0.020011921064366587,0.020011921064366587,0.020011921064366587,0.020011921064366587,0.020011921064366587,0.020011921064366587,0.020011921064366587,0.020011921064366587,0.020011921064366587,0.04470520964834555,0.042620084846582695,0.020011921064366587,0.020011921064366587,0.2916781701060737
91,0.04719109166245247,0.054679354696631835,0.051887009613804755,0.04613558061367846,0.04597655240831492,0.05706492488310704,0.04729276531472163,0.050402050942762,0.04354004190436813,0.04741143091598801,0.057318147760895596,0.048658221520197185,0.06982944846038926,0.04204650106579852,0.0530861084057449,0.05015428413500662,0.05757109583417944,0.04738427844254174,0.039870675968537966,0.0425004354508796
92,0.057959893398323074,0.048806531402792175,0.050700777210016874,0.05482274414846496,0.0547296370291607,0.052129852562551225,0.03513768991074627,0.052026467491426365,0.05560887596566685,0.050316169502729303,0.03464503866994279,0.04886618984800117,0.04045020850056961,0.051909017928709104,0.06800248909555565,0.05427923080153273,0.045164903660275604,0.05186274083723488,0.05298216860598604,0.03959937343031456
93,0.026742252989752434,0.05652583490361746,0.009699378956324322,0.018378087148115195,0.03735745930064755,0.08949503275355508,0.10248187496411444,0.009699378956324322,0.092863281640491,0.01979726402663459,0.079824721354263,0.04766947155561458,0.009699378956324322,0.08793112178550275,0.14137059086164167,0.0568514319043196,0.060251192604509736,0.025421213896247002,0.009699378956324322,0.01824165248567681
94,0.043233121419194255,0.044614110633547296,0.044967345713692604,0.04574395729782371,0.05888414673116904,0.04387507080167248,0.052516760512776414,0.050901705814783725,0.04403154432443764,0.039718716360300804,0.04893148309989669,0.04546355862988844,0.045638507256739055,0.051951614795089855,0.050978447095755115,0.04599369613636077,0.05539692019297531,0.05630337837243025,0.061703980307885285,0.06915193450358134
95,0.021426198327759487,0.021426198327759487,0.021426198327759487,0.07948151009758665,0.021426198327759487,0.04127713143780138,0.0482725083650188,0.021426198327759487,0.05731650840048992,0.021426198327759487,0.11198441026690399,0.021426198327759487,0.021426198327759487,0.31229157363101534,0.021426198327759487,0.07083577954031087,0.021426198327759487,0.021426198327759487,0.021426198327759487,0.021426198327759487
96,0.053474635396989295,0.050961741718473896,0.06286836512896972,0.05039382799303256,0.03634681432828838,0.05211965950192718,0.0487257882697643,0.042422658037011944,0.05028996118385092,0.0560705779731281,0.04736609173396065,0.048234792073799534,0.04161721827820138,0.0544592527601138,0.04949099671583484,0.07723986442988501,0.03193737190482317,0.05010797071230008,0.046991132516210746,0.04888127934343443
97,0.04633162700704645,0.061842234519023105,0.05664168157643016,0.04309190446868401,0.054396318618277116,0.05358556949753367,0.08402669515960876,0.03690590317375798,0.043330154998013966,0.051225653462825343,0.06611640237192229,0.06972852508190407,0.005765037507682406,0.045979203247767796,0.03828041774739695,0.06427640243682135,0.05131546212874502,0.04709103064912042,0.04081464284035295,0.03925513350708606
