site,A,C,D,E,F,G,H,I,K,L,M,N,P,Q,R,S,T,V,W,Y
1,0.13927871237020026,0.01996922036209008,0.01996922036209008,0.01996922036209008,0.01996922036209008,0.29105579793789477,0.04574203722965539,0.01996922036209008,0.07009169707222047,0.01996922036209008,0.01996922036209008,0.01996922036209008,0.01996922036209008,0.01996922036209008,0.01996922036209008,0.1542934499586783,0.01996922036209008,0.01996922036209008,0.01996922036209008,0.01996922036209008
2,0.04622983184610807,0.05888579139949966,0.03361752387202855,0.03786462222437947,0.03877645337811423,0.048862661276679265,0.05682191734248967,0.06716053721644855,0.02163616273006925,0.0590043899922266,0.06237492947573405,0.024448494175048675,0.09050270013146038,0.07864475759349414,0.04232057972057041,0.049590130424854405,0.06032358745135188,0.05407226263552742,0.02982236995396196,0.03904029715995339
3,0.06246829820920284,0.08560811122962207,0.006502128621425102,0.02228549659358985,0.04318919040950286,0.051206080027273934,0.06402393167161537,0.05094322136008085,0.04706441200818277,0.05550413622690669,0.04293261819372731,0.03959154977796137,0.09476996096434634,0.0441939794944777,0.023149593183175193,0.06689806932047077,0.057853684573259394,0.03505221583301234,0.051535645883521386,0.05522767641864597
4,0.04657503046885795,0.05150932075193169,0.03999099153491698,0.0486444103548818,0.05203984926157905,0.04366002057329947,0.050430552809835154,0.04964960322561967,0.047394302784819826,0.052767308908180335,0.063685848208908,0.05463360064175965,0.044797708260511215,0.053201141415070936,0.04398557634073189,0.04312856633387886,0.05191506800282318,0.07127372319036716,0.03339463538649668,0.057322741545530555
5,0.01945887132216253,0.01945887132216253,0.01945887132216253,0.01945887132216253,0.2204862192175686,0.01945887132216253,0.01945887132216253,0.01945887132216253,0.01945887132216253,0.01945887132216253,0.01945887132216253,0.01945887132216253,0.01945887132216253,0.01945887132216253,0.01945887132216253,0.01945887132216253,0.01945887132216253,0.01945887132216253,0.16509562035978922,0.28361734794587895
6,0.06339622432081758,0.03737905446336777,0.010408374773289993,0.04402256422935122,0.010408374773289993,0.045147071659691236,0.09198545536105919,0.010408374773289993,0.0986843652095346,0.010408374773289993,0.028960371600496367,0.09786990791324972,0.010408374773289993,0.10007885182409411,0.15170436150965982,0.07932933428622542,0.07817543943613328,0.010408374773289993,0.010408374773289993,0.010408374773289993
7,0.05139362271193857,0.057939531748189645,0.05402337013542612,0.07968812545947994,0.04349393052469778,0.038075461777968445,0.05740962816612361,0.03174745972880491,0.05244277477456356,0.04156425129127941,0.05887039259706455,0.05863913686086407,0.05934716814100476,0.0605664549194071,0.046110532558489535,0.0538027257422863,0.05053993166058065,0.03431934977272935,0.03341232590178876,0.036613825527312835
8,0.06159290528660526,0.049616223955053745,0.009897163473979426,0.009897163473979426,0.10260512027221445,0.009897163473979426,0.04813724245389984,0.14425334389666514,0.009897163473979426,0.08936391343866305,0.07821584095209962,0.009897163473979426,0.0446258373054202,0.009897163473979426,0.033565096415238194,0.04117920350028741,0.055236513519139684,0.03689934644259135,0.07923440645349956,0.07609202526474595
9,0.05673487429105658,0.06480578436493879,0.0057350482807513765,0.037189083687014075,0.050599089468234985,0.04555102330926128,0.06406590135318395,0.0682694999391822,0.08358959555252936,0.051890849187107464,0.05085877557052918,0.05529983895355932,0.0057350482807513765,0.0578165925168186,0.07514656955198916,0.0402931462896379,0.05779780433274351,0.05875028640934804,0.03643283699548734,0.03343835166587557
10,0.01900903363069022,0.01900903363069022,0.01900903363069022,0.01900903363069022,0.01900903363069022,0.01900903363069022,0.01900903363069022,0.2770608642244329,0.01900903363069022,0.11919795636877051,0.11126146714914018,0.01900903363069022,0.01900903363069022,0.01900903363069022,0.01900903363069022,0.01900903363069022,0.01900903363069022,0.18833517416661327,0.01900903363069022,0.01900903363069022
11,0.07592746891807255,0.07557635089666984,0.07965762886848192,0.06365834204040192,0.009381667417172257,0.03647732178500777,0.04605790658645828,0.009381667417172257,0.009381667417172257,0.009381667417172257,0.042055926899055435,0.1010634747436113,0.009381667417172257,0.08588859739447563,0.061291026814106135,0.13673987499666324,0.08091630176923201,0.04901810636755841,0.009381667417172257,0.009381667417172257
12,0.0775379183925254,0.12547154078745207,0.01083415458751618,0.01083415458751618,0.01083415458751618,0.01083415458751618,0.01083415458751618,0.1388350554926196,0.01083415458751618,0.13507477329257997,0.12689643302522033,0.01083415458751618,0.01083415458751618,0.01083415458751618,0.01083415458751618,0.01083415458751618,0.09743007301598522,0.15791019635590722,0.01083415458751618,0.01083415458751618
13,0.07213098645191122,0.05748157282586163,0.05303152771636295,0.05514216550229621,0.03850427260395712,0.049376041989841836,0.051682372574505475,0.051044869230757184,0.057412738800081346,0.04358374383349738,0.05594605368613323,0.05788294385499261,0.004948877753332028,0.05398554619337963,0.046323072976803915,0.06049621354935415,0.05974676472791639,0.06388167664309764,0.020538290575052263,0.04686026851086588
14,0.06293439121799278,0.057907121949912974,0.06972387990856849,0.06160397290699049,0.006917799575017709,0.04584950121478271,0.0514001197386349,0.03454602817352294,0.066489023600369,0.026000753959465474,0.049539641637429736,0.05662110236561263,0.10082845693383241,0.06606792473404857,0.05129400150798519,0.06500002707626457,0.06760177921016217,0.045838875139371925,0.006917799575017709,0.006917799575017709
15,0.056671108741090326,0.05217829862504324,0.0612127068912187,0.0772349950208661,0.04582423110092755,0.039686732651058564,0.05581470842867821,0.052800957869255684,0.030565935235044472,0.044482940521574116,0.05745442723433785,0.05943498103849804,0.04454100786816786,0.05100963162900961,0.042461778062162205,0.057768386634589254,0.049314043556621355,0.06695290497384315,0.005299061713127957,0.04929116220488562
16,0.055640848274133424,0.06425009615628864,0.058909546248111073,0.05998328231798564,0.051684678273272056,0.05124065651911216,0.05533439613305779,0.0545138498170243,0.05027388668361405,0.053688866585991535,0.060951209697858694,0.059014022587966786,0.005439672697301297,0.0638817568376026,0.005439672697301297,0.0644899383659755,0.07928443117587484,0.05552102053174288,0.005439672697301297,0.045018495702484236
17,0.08991005867931585,0.07562673324806314,0.0669663111006179,0.06404429130244103,0.007771043880381551,0.027526272921554903,0.06320285250134396,0.007771043880381551,0.038848419788896756,0.007771043880381551,0.007771043880381551,0.06642083611551315,0.11326468116445354,0.054961098108629605,0.007771043880381551,0.0705400873960718,0.07424754191860572,0.08424312522075403,0.007771043880381551,0.06357142725144929
18,0.13245516252061118,0.11172378653263551,0.010620013714129134,0.010620013714129134,0.010620013714129134,0.010620013714129134,0.010620013714129134,0.06515834270583709,0.010620013714129134,0.082931392519172,0.07562462414594232,0.010620013714129134,0.15478904582300473,0.010620013714129134,0.010620013714129134,0.07490311419354731,0.08400611306039434,0.08402016489841925,0.02818811645914509,0.010620013714129134
19,0.027958426427138687,0.027958426427138687,0.08924808317604746,0.027958426427138687,0.027958426427138687,0.027958426427138687,0.027958426427138687,0.027958426427138687,0.027958426427138687,0.027958426427138687,0.027958426427138687,0.027958426427138687,0.4075002411354565,0.027958426427138687,0.027958426427138687,0.027958426427138687,0.027958426427138687,0.027958426427138687,0.027958426427138687,0.027958426427138687
20,0.07546502821549783,0.06173362298511256,0.06564808877998374,0.05508225239349451,0.006953450691314765,0.054476344383770935,0.041391301837501164,0.04683676082378776,0.0434654290729546,0.08225288342258244,0.08318137448584602,0.06242189706081169,0.10134807982912156,0.05275100164867868,0.006953450691314765,0.053491618716438406,0.05323366279045345,0.03940685078870551,0.006953450691314765,0.006953450691314765
21,0.1310849967950271,0.07223948566443901,0.00899368851508783,0.00899368851508783,0.00899368851508783,0.10878157147505088,0.0675279237745546,0.06048678771098166,0.00899368851508783,0.00899368851508783,0.07984320758166072,0.00899368851508783,0.09132898786632333,0.00899368851508783,0.00899368851508783,0.12120695027580036,0.05922906938640239,0.08260265836254924,0.00899368851508783,0.044725164471420394
22,0.016921683905864106,0.016921683905864106,0.016921683905864106,0.016921683905864106,0.016921683905864106,0.016921683905864106,0.016921683905864106,0.24663728089375536,0.016921683905864106,0.14986520060459702,0.15076292535698788,0.016921683905864106,0.016921683905864106,0.016921683905864106,0.016921683905864106,0.016921683905864106,0.016921683905864106,0.18198765065083428,0.016921683905864106,0.016921683905864106
23,0.07491520329517772,0.05505730129599642,0.05867639998037409,0.06749331318462817,0.050674703712185847,0.06234408536369939,0.060805618370499706,0.037944247578984576,0.06032494193293504,0.0448948895763951,0.05093060034300952,0.06454782399015453,0.005139901742797081,0.048092420916778844,0.025663983562440717,0.057856128696472435,0.04388988787825187,0.04433813394823289,0.04055872892871373,0.04585168570227233
24,0.025432803450897174,0.025432803450897174,0.37068872835172384,0.17152080953212753,0.025432803450897174,0.025432803450897174,0.025432803450897174,0.025432803450897174,0.025432803450897174,0.025432803450897174,0.025432803450897174,0.025432803450897174,0.025432803450897174,0.025432803450897174,0.025432803450897174,0.025432803450897174,0.025432803450897174,0.025432803450897174,0.025432803450897174,0.025432803450897174
25,0.020479601801426592,0.020479601801426592,0.020479601801426592,0.020479601801426592,0.020479601801426592,0.020479601801426592,0.020479601801426592,0.19180364582437584,0.020479601801426592,0.29849472015845324,0.16154840339291918,0.020479601801426592,0.020479601801426592,0.020479601801426592,0.020479601801426592,0.020479601801426592,0.020479601801426592,0.020479601801426592,0.020479601801426592,0.020479601801426592
26,0.11458574114362682,0.13571619285087755,0.011159524575484043,0.011159524575484043,0.06582804468594387,0.011159524575484043,0.011159524575484043,0.12108816437962652,0.011159524575484043,0.1626525358041118,0.11708731953025198,0.011159524575484043,0.011159524575484043,0.03743544086798444,0.011159524575484043,0.011159524575484043,0.011159524575484043,0.11169226583176875,0.011159524575484043,0.011159524575484043
27,0.05464797192594596,0.05195705166525428,0.04782274537492002,0.06244801866732285,0.046463111070767324,0.05519082443153896,0.061536763123476626,0.05035386584905525,0.06964253030515483,0.04506221349592019,0.03507598064965926,0.04483454497806114,0.0047781457854136995,0.05268291676541478,0.04988165952865133,0.05091242638650673,0.05740085385976371,0.05568726545522181,0.04152962170304605,0.062091488978905075
28,0.16123926106943007,0.2014207364665429,0.016102906155935157,0.016102906155935157,0.016102906155935157,0.10205808883823513,0.016102906155935157,0.016102906155935157,0.016102906155935157,0.016102906155935157,0.016102906155935157,0.016102906155935157,0.016102906155935157,0.016102906155935157,0.016102906155935157,0.23470341432219022,0.016102906155935157,0.016102906155935157,0.05903490696457479,0.016102906155935157
29,0.012757354625555405,0.13288597143148087,0.012757354625555405,0.012757354625555405,0.012757354625555405,0.012757354625555405,0.03465620406637444,0.13252780587541194,0.012757354625555405,0.1394154392228087,0.07178640576941413,0.012757354625555405,0.012757354625555405,0.012757354625555405,0.012757354625555405,0.012757354625555405,0.13694130176095828,0.18594126174133166,0.012757354625555405,0.012757354625555405
30,0.009974899050445185,0.056923486724501614,0.14538635709528538,0.06952351022817815,0.03078461002725427,0.03489640595852883,0.08354161221494533,0.009974899050445185,0.009974899050445185,0.009974899050445185,0.009974899050445185,0.04853743433656913,0.07379883333576316,0.0829076402430294,0.009974899050445185,0.09919905481580327,0.07928025427941389,0.009974899050445185,0.04904838497160272,0.07634812241600872
31,0.08081995246498148,0.05567330894304165,0.08117007930496765,0.0647379138875644,0.007390958276024311,0.0380048108146123,0.07838175314075789,0.08570263026752402,0.007390958276024311,0.07767194883249705,0.039935835133945226,0.06487816633626237,0.007390958276024311,0.036561395269043576,0.007390958276024311,0.1077248495208047,0.06796312519826407,0.07642848122958772,0.007390958276024311,0.007390958276024311
32,0.05129392759871484,0.05905150565528244,0.06960232642087966,0.08244515329556858,0.05212700830905516,0.04361468255818975,0.04582382754253642,0.046214023925384026,0.021260749929000393,0.04908517065411927,0.05615606359258309,0.0561486016065628,0.058073271236464774,0.0460376529334333,0.02361471317647492,0.048103467508578066,0.06329101145742803,0.04442231660591951,0.04755031934664594,0.03608420664717927
33,0.07006912917360764,0.04492694834217061,0.04050866889832043,0.03493760492400366,0.02536400011762143,0.051504271164865105,0.05949932491132289,0.05842490744189014,0.0527423792806068,0.05117664417241931,0.05853721336965604,0.04782516112673033,0.05114675808311794,0.046747743955248916,0.0480514257614344,0.06346701864278996,0.05357727519715273,0.061816777734526936,0.0398528714111647,0.039823876291350035
34,0.06089554587253626,0.12507262475719141,0.013585063446863926,0.013585063446863926,0.013585063446863926,0.013585063446863926,0.013585063446863926,0.12894952530040946,0.013585063446863926,0.17531479609139453,0.07670819214078162,0.013585063446863926,0.013585063446863926,0.013585063446863926,0.013585063446863926,0.013585063446863926,0.05844819037734616,0.19800530065110966,0.013585063446863926,0.013585063446863926
35,0.05536223424577284,0.007686228574319776,0.007686228574319776,0.007686228574319776,0.0741325567160997,0.007686228574319776,0.061936437005685525,0.0838415400446868,0.07741528539961322,0.0753956449038619,0.04551859112587259,0.023541422820195567,0.007686228574319776,0.0643977147734741,0.11202847934307343,0.007686228574319776,0.046576889250154296,0.07701432416621018,0.07181834524929002,0.08490316351009113
36,0.05431517100202664,0.040244708485044106,0.048187124321650926,0.07096978239687338,0.050403884253482724,0.04929271673911726,0.05493206637831546,0.055937576236894916,0.03843685456585908,0.0551384285823271,0.05586817672253693,0.049530713565851925,0.0048692080136302565,0.05659931081213422,0.0532423674630944,0.054217045480307965,0.0525137791253075,0.056430844944496523,0.047068603361450606,0.05180163754959802
37,0.01876369598054523,0.01876369598054523,0.01876369598054523,0.01876369598054523,0.19049293330838535,0.01876369598054523,0.01876369598054523,0.01876369598054523,0.01876369598054523,0.01876369598054523,0.04921459180426275,0.01876369598054523,0.01876369598054523,0.01876369598054523,0.01876369598054523,0.01876369598054523,0.01876369598054523,0.01876369598054523,0.18658832541964984,0.2734850137789784
38,0.11770701172977026,0.20112731433431497,0.013799263540643505,0.013799263540643505,0.013799263540643505,0.013799263540643505,0.013799263540643505,0.14941997624258993,0.013799263540643505,0.09370513215068953,0.08680780466240332,0.013799263540643505,0.013799263540643505,0.013799263540643505,0.013799263540643505,0.013799263540643505,0.013799263540643505,0.12999662855394975,0.04184570629791686,0.013799263540643505
39,0.06077041517086921,0.05348906096935649,0.026251085026600472,0.046349771999931386,0.04799409978064032,0.044749589608696724,0.06201564394263712,0.0450728681942277,0.08558820198854698,0.056497859880161413,0.057218922792691015,0.06559113482130338,0.005872171858500697,0.050653745965004694,0.05847991428703107,0.054715478795090526,0.056127240942713784,0.03079899642781723,0.03710441822116351,0.054659379327016366
40,0.05561627763407447,0.05582618216639006,0.06594232160691346,0.07961351431042334,0.057665459732962665,0.0630518367527892,0.05645246759211423,0.06954654017387348,0.026877091927787797,0.05130279061576312,0.04945794517525898,0.04553499165772538,0.005462250957819745,0.05380665591922873,0.02430683835369746,0.036209854480931114,0.05134876328686811,0.05472620171011589,0.05139913399144764,0.04585288195381506
41,0.0760198889693638,0.034748354378845166,0.010208950103126278,0.010208950103126278,0.010208950103126278,0.010208950103126278,0.10093740434434462,0.010208950103126278,0.14879770288951696,0.04453961680677316,0.09537088690366023,0.0871271738472107,0.010208950103126278,0.10663914219945116,0.1198840854274509,0.0607014506332237,0.010208950103126278,0.03335374267202312,0.010208950103126278,0.010208950103126278
42,0.04415390180431079,0.0867510857111028,0.009267254506301741,0.009267254506301741,0.037591807561329633,0.13507228154714462,0.10311152195342208,0.009267254506301741,0.07787398248468044,0.03846118912789052,0.06407586692431222,0.081185352850065,0.009267254506301741,0.07940872440720385,0.1086364203095123,0.06953982926861198,0.009267254506301741,0.009267254506301741,0.009267254506301741,0.009267254506301741
43,0.018927054078903043,0.10004633284386454,0.018927054078903043,0.018927054078903043,0.11033338002225969,0.018927054078903043,0.018927054078903043,0.018927054078903043,0.05810706084543351,0.018927054078903043,0.018927054078903043,0.018927054078903043,0.018927054078903043,0.018927054078903043,0.018927054078903043,0.018927054078903043,0.018927054078903043,0.018927054078903043,0.2758659941480174,0.17174142095687916
44,0.011749629683660858,0.07602296939739772,0.011749629683660858,0.011749629683660858,0.07739353817939329,0.011749629683660858,0.011749629683660858,0.11865956648548973,0.011749629683660858,0.171253448108815,0.11959924304822662,0.03808558976697507,0.011749629683660858,0.011749629683660858,0.011749629683660858,0.011749629683660858,0.06736978656274065,0.11235795818567239,0.04236932201767967,0.05939228141100129
45,0.06509789257943947,0.08716130342172859,0.006322984077105548,0.03975331309298135,0.057685545934029935,0.006322984077105548,0.05681156515931791,0.06356603343896665,0.006322984077105548,0.07377124410002836,0.07551417079348598,0.030728878536297154,0.006322984077105548,0.06757325391321595,0.05596614937468988,0.03755884226161542,0.05632378881062992,0.09215888965822094,0.046349052068544554,0.06868814054838575
46,0.08084006957171122,0.06142343484486902,0.0694579629640541,0.056762776218568206,0.025912443570424736,0.08410635007966398,0.057748039073025795,0.006837833680639471,0.03911970552711838,0.006837833680639471,0.031311922145681376,0.07669372424548243,0.09966293635896509,0.057437554399300615,0.04401337698330251,0.06668060477321071,0.06535765784601202,0.006837833680639471,0.006837833680639471,0.056120106676052016
47,0.06532030991230116,0.06056328560460301,0.09297231143292681,0.09778996308802264,0.03094159262848933,0.047435047705578645,0.050709820717310915,0.006709329743439995,0.04063402913915569,0.006709329743439995,0.05032692145259897,0.059881806049047366,0.0748268238645295,0.0802129452032964,0.02196132554484098,0.0536991033280299,0.0552967566695978,0.04559612546773213,0.022417171369926832,0.035996001335132116
48,0.048192677247186,0.050216436502416945,0.04301446715533873,0.052356756582956486,0.056195548891310024,0.046818433465924424,0.055815933285769656,0.07060415781912721,0.04250299903444209,0.04332482194186568,0.04703574854064646,0.052239316650654836,0.04612055826282206,0.05849362162100301,0.03532093364513587,0.039127289851596705,0.048190463666696874,0.0479109022640306,0.06446485689735389,0.05205407667372262
49,0.05097837668956936,0.07333606080595549,0.04551147303053724,0.04409583271876678,0.047551212697646617,0.05267156612279207,0.06784737981834847,0.03950948034624982,0.04102988736292993,0.017909525167475307,0.005397963653546461,0.07867651264970461,0.04198848203891426,0.04954900941445489,0.0512301861066625,0.06704323276838303,0.05670032997497588,0.04620017018410589,0.056207369569396,0.06656594887958527
50,0.07024359045915017,0.038574686323376683,0.07124122040801478,0.059423223370464094,0.006893091614655523,0.07141441872478171,0.08897265759489875,0.006893091614655523,0.07300086565030643,0.006893091614655523,0.006893091614655523,0.07359614431239225,0.06898354263476458,0.0736063802779413,0.006893091614655523,0.10046833295361503,0.07660953125361206,0.006893091614655523,0.02355272298572045,0.06895413336302886
51,0.04865916507725145,0.049854166858630734,0.05373266601025036,0.05317068887792191,0.04425784811557915,0.04251620788831341,0.05023218439277526,0.048092054471511395,0.04088197892522429,0.049703591053002524,0.0513908999491677,0.046355363225577546,0.032951162127276536,0.05632847407070004,0.05116166515745771,0.06200800538797631,0.07366696715098116,0.052380132645325476,0.03687466783751478,0.055782110777562205
52,0.055243519143219046,0.053171587906755295,0.0251270296937319,0.022552991467543478,0.05827132132380753,0.0062419570162790625,0.0612095381266669,0.060732158504508214,0.03396809223200196,0.09097790234796088,0.07739560045346681,0.0398667236946486,0.019264688013006143,0.04755133288358252,0.044544325194490066,0.04595530186299219,0.054706761009328655,0.0639602226265957,0.0668069843925225,0.07245196210689242
53,0.050938839040715625,0.05015415024540359,0.05770289891110459,0.07283698908894028,0.05772461460507325,0.03872978416037645,0.050368237600878794,0.04491627704033295,0.04732739038366976,0.0538776064446044,0.05606425045156979,0.06090896878235684,0.013725092086923508,0.07084961625331061,0.047354735270179936,0.05269920688288189,0.058887626583770496,0.04284901326139899,0.031158725645663004,0.04092597726084556
54,0.03778145962417293,0.05287480256957993,0.009698025626800867,0.009698025626800867,0.10245637894981922,0.009698025626800867,0.009698025626800867,0.14135086578488956,0.009698025626800867,0.11206312839887822,0.09334301077182715,0.009698025626800867,0.009698025626800867,0.026866182669438007,0.030073948851619736,0.030441580067666847,0.0689196991968126,0.08046240756471426,0.07256700974283377,0.08291334642014186
55,0.02037028133883337,0.02037028133883337,0.08166055890435733,0.2969013502674877,0.02037028133883337,0.02037028133883337,0.02037028133883337,0.13324172536118303,0.02037028133883337,0.02037028133883337,0.02037028133883337,0.02037028133883337,0.02037028133883337,0.02037028133883337,0.02037028133883337,0.02037028133883337,0.02037028133883337,0.1622718640456385,0.02037028133883337,0.02037028133883337
56,0.012563532700890955,0.012563532700890955,0.012563532700890955,0.012563532700890955,0.012563532700890955,0.06403248098918746,0.06445126374489668,0.012563532700890955,0.18311626437447576,0.012563532700890955,0.012563532700890955,0.10527068093396157,0.012563532700890955,0.10978162354935007,0.08295585794384895,0.10119727198785074,0.13843216406573752,0.012563532700890955,0.012563532700890955,0.012563532700890955
57,0.04549647438772308,0.049842602703430015,0.01054806165016325,0.03467716254492495,0.12527767054145045,0.01054806165016325,0.15374032859663642,0.05863488663719064,0.01054806165016325,0.01054806165016325,0.01054806165016325,0.09707705768656008,0.01054806165016325,0.01054806165016325,0.01054806165016325,0.0449714252403824,0.02964936196965344,0.06806745689448646,0.09186163236565532,0.11631944723060093
58,0.017343207476421943,0.017343207476421943,0.017343207476421943,0.017343207476421943,0.017343207476421943,0.017343207476421943,0.017343207476421943,0.21200099157256255,0.017343207476421943,0.15550966223713306,0.10221694651921275,0.017343207476421943,0.017343207476421943,0.017343207476421943,0.017343207476421943,0.017343207476421943,0.017343207476421943,0.2527810800483409,0.017343207476421943,0.017343207476421943
59,0.06924110730582876,0.06979706863986825,0.010295173258978668,0.04565052154099359,0.010295173258978668,0.07760264557130907,0.010295173258978668,0.010295173258978668,0.010295173258978668,0.010295173258978668,0.14825007655032352,0.09069764504980703,0.010295173258978668,0.10967941843585394,0.010295173258978668,0.15005442443258646,0.12578018662466414,0.010295173258978668,0.010295173258978668,0.010295173258978668
60,0.027305614259787864,0.027305614259787864,0.027305614259787864,0.027305614259787864,0.027305614259787864,0.027305614259787864,0.027305614259787864,0.027305614259787864,0.027305614259787864,0.027305614259787864,0.027305614259787864,0.027305614259787864,0.027305614259787864,0.027305614259787864,0.3979853595914294,0.027305614259787864,0.027305614259787864,0.027305614259787864,0.11051358373238916,0.027305614259787864
61,0.18645232748684143,0.10996293556675803,0.012792418639273415,0.012792418639273415,0.030871739846351037,0.05969652136312398,0.012792418639273415,0.11207385776454518,0.012792418639273415,0.06633985451161639,0.10335737600882763,0.012792418639273415,0.012792418639273415,0.012792418639273415,0.012792418639273415,0.012792418639273415,0.041262211090198314,0.14926657132973062,0.012792418639273415,0.012792418639273415
62,0.02365930323596534,0.02365930323596534,0.02365930323596534,0.02365930323596534,0.34483957095647805,0.02365930323596534,0.02365930323596534,0.02365930323596534,0.02365930323596534,0.1313297647857471,0.12162250924636449,0.02365930323596534,0.02365930323596534,0.02365930323596534,0.02365930323596534,0.02365930323596534,0.02365930323596534,0.02365930323596534,0.02365930323596534,0.02365930323596534
63,0.02571308736702339,0.02571308736702339,0.02571308736702339,0.02571308736702339,0.02571308736702339,0.02571308736702339,0.02571308736702339,0.3747739283434142,0.02571308736702339,0.02571308736702339,0.07918373484679038,0.02571308736702339,0.02571308736702339,0.02571308736702339,0.02571308736702339,0.02571308736702339,0.02571308736702339,0.108919851570398,0.02571308736702339,0.02571308736702339
64,0.12407205806254949,0.18474236616052028,0.012675098885542739,0.012675098885542739,0.012675098885542739,0.06449219066153222,0.012675098885542739,0.13034924993677877,0.012675098885542739,0.08442929444480708,0.06844091206902991,0.012675098885542739,0.012675098885542739,0.012675098885542739,0.012675098885542739,0.012675098885542739,0.012675098885542739,0.14950846895293257,0.04186427308533703,0.012675098885542739
65,0.01718569383464155,0.01718569383464155,0.01718569383464155,0.01718569383464155,0.06436501262074769,0.01718569383464155,0.01718569383464155,0.17922840378178487,0.01718569383464155,0.2504852839249464,0.0746468090438559,0.01718569383464155,0.01718569383464155,0.01718569383464155,0.01718569383464155,0.01718569383464155,0.01718569383464155,0.17348908310904215,0.01718569383464155,0.01718569383464155
66,0.021246714246963193,0.021246714246963193,0.021246714246963193,0.021246714246963193,0.021246714246963193,0.021246714246963193,0.15892217769239944,0.021246714246963193,0.021246714246963193,0.021246714246963193,0.10220083172736202,0.021246714246963193,0.021246714246963193,0.3096755535057385,0.05405115980465505,0.05644956356539715,0.021246714246963193,0.021246714246963193,0.021246714246963193,0.021246714246963193
67,0.3956700323208212,0.027146760593911065,0.027146760593911065,0.027146760593911065,0.027146760593911065,0.027146760593911065,0.027146760593911065,0.027146760593911065,0.027146760593911065,0.07830903468286729,0.027146760593911065,0.027146760593911065,0.027146760593911065,0.027146760593911065,0.027146760593911065,0.027146760593911065,0.027146760593911065,0.027146760593911065,0.06452600289982342,0.027146760593911065
68,0.09746970679879234,0.08065159527198962,0.012331237134522466,0.012331237134522466,0.07142378562354947,0.03848615459116659,0.012331237134522466,0.14188944526910569,0.012331237134522466,0.17973050518103376,0.09871811793162483,0.012331237134522466,0.012331237134522466,0.012331237134522466,0.012331237134522466,0.012331237134522466,0.012331237134522466,0.11959413588609184,0.03639294496689913,0.012331237134522466
69,0.0233903584069894,0.0233903584069894,0.0233903584069894,0.0233903584069894,0.0233903584069894,0.0233903584069894,0.0233903584069894,0.0233903584069894,0.0233903584069894,0.0233903584069894,0.0233903584069894,0.0233903584069894,0.0233903584069894,0.0233903584069894,0.0233903584069894,0.23805390800940643,0.3409196406647844,0.0233903584069894,0.0233903584069894,0.0233903584069894
70,0.029783869569721157,0.029783869569721157,0.029783869569721157,0.029783869569721157,0.029783869569721157,0.029783869569721157,0.029783869569721157,0.029783869569721157,0.029783869569721157,0.029783869569721157,0.029783869569721157,0.029783869569721157,0.029783869569721157,0.029783869569721157,0.029783869569721157,0.029783869569721157,0.43410647817529807,0.029783869569721157,0.029783869569721157,0.029783869569721157
71,0.029783869569721157,0.029783869569721157,0.029783869569721157,0.029783869569721157,0.43410647817529807,0.029783869569721157,0.029783869569721157,0.029783869569721157,0.029783869569721157,0.029783869569721157,0.029783869569721157,0.029783869569721157,0.029783869569721157,0.029783869569721157,0.029783869569721157,0.029783869569721157,0.029783869569721157,0.029783869569721157,0.029783869569721157,0.029783869569721157
72,0.07866940948848382,0.07633039026405357,0.016173487721818598,0.016173487721818598,0.016173487721818598,0.016173487721818598,0.016173487721818598,0.18509087653868928,0.016173487721818598,0.016173487721818598,0.0810820311056198,0.016173487721818598,0.016173487721818598,0.016173487721818598,0.016173487721818598,0.016173487721818598,0.11666630826142667,0.23573215623626664,0.016173487721818598,0.016173487721818598
73,0.012586503839842044,0.012586503839842044,0.05884186587916233,0.012586503839842044,0.012586503839842044,0.012586503839842044,0.12557829836063572,0.012586503839842044,0.012586503839842044,0.05795600020434491,0.07113157943894141,0.15625999220090725,0.012586503839842044,0.18315664019909594,0.012586503839842044,0.18345107379896605,0.012586503839842044,0.012586503839842044,0.012586503839842044,0.012586503839842044
74,0.015494331348238941,0.015494331348238941,0.015494331348238941,0.015494331348238941,0.015494331348238941,0.015494331348238941,0.015494331348238941,0.12266518342957389,0.015494331348238941,0.11701661809112772,0.12389058275905725,0.015494331348238941,0.015494331348238941,0.015494331348238941,0.015494331348238941,0.015494331348238941,0.17817934342958489,0.22583330206707242,0.015494331348238941,0.015494331348238941
75,0.2576401032666939,0.01767658309057998,0.01767658309057998,0.01767658309057998,0.01767658309057998,0.12286179953734365,0.01767658309057998,0.01767658309057998,0.01767658309057998,0.01767658309057998,0.01767658309057998,0.01767658309057998,0.01767658309057998,0.01767658309057998,0.01767658309057998,0.1439573851739664,0.12813712038373856,0.08225484527955816,0.01767658309057998,0.01767658309057998
76,0.04981697909442623,0.016895546454144626,0.016895546454144626,0.016895546454144626,0.016895546454144626,0.24625632176123366,0.016895546454144626,0.016895546454144626,0.016895546454144626,0.016895546454144626,0.06694996545828,0.016895546454144626,0.016895546454144626,0.16562173810284708,0.016895546454144626,0.14209825019477446,0.0927190950304142,0.016895546454144626,0.016895546454144626,0.016895546454144626
77,0.1108848881209095,0.11824301289787044,0.010128001975209687,0.010128001975209687,0.033784937103875895,0.06837532069132109,0.0534033562340853,0.14761786604385474,0.010128001975209687,0.010128001975209687,0.0450286636114846,0.03583518404098362,0.010128001975209687,0.010128001975209687,0.010128001975209687,0.09377456732663743,0.12753187424808532,0.07436831190400503,0.010128001975209687,0.010128001975209687
78,0.015864511887961417,0.0525192638301399,0.015864511887961417,0.015864511887961417,0.08596484103774975,0.015864511887961417,0.015864511887961417,0.23122876520566082,0.015864511887961417,0.046983839747370734,0.12463525960337078,0.015864511887961417,0.015864511887961417,0.015864511887961417,0.015864511887961417,0.015864511887961417,0.1188714729477892,0.1335579030844207,0.015864511887961417,0.015864511887961417
79,0.01501996620770471,0.01501996620770471,0.01501996620770471,0.01501996620770471,0.1396996466198634,0.01501996620770471,0.17237255689643818,0.01501996620770471,0.01501996620770471,0.06758908536359581,0.03528641309482468,0.01501996620770471,0.01501996620770471,0.034422514654647185,0.01501996620770471,0.01501996620770471,0.03395126279384857,0.01501996620770471,0.117519600726841,0.21891932535748487
80,0.08102554836606046,0.014243377746156409,0.014243377746156409,0.014243377746156409,0.03746030716323394,0.05897154008718066,0.014243377746156409,0.20760037698359626,0.014243377746156409,0.06343391549737748,0.19370810779910919,0.014243377746156409,0.014243377746156409,0.014243377746156409,0.014243377746156409,0.014243377746156409,0.05109436584825421,0.13578530530131122,0.014243377746156409,0.014243377746156409
81,0.01473787214724669,0.12897552801692583,0.01473787214724669,0.01473787214724669,0.01473787214724669,0.01473787214724669,0.01473787214724669,0.21480774211230122,0.01473787214724669,0.11085356075039408,0.16350444267715444,0.01473787214724669,0.01473787214724669,0.01473787214724669,0.01473787214724669,0.01473787214724669,0.04053997967208768,0.1349885367096833,0.01473787214724669,0.01473787214724669
82,0.017799851885962798,0.017799851885962798,0.017799851885962798,0.017799851885962798,0.08457691991576453,0.017799851885962798,0.06863883934826266,0.017799851885962798,0.017799851885962798,0.017799851885962798,0.06861878459101618,0.017799851885962798,0.017799851885962798,0.017799851885962798,0.017799851885962798,0.017799851885962798,0.017799851885962798,0.09885101472658801,0.17067974182566298,0.2594367731892263
83,0.012564487515290271,0.012564487515290271,0.012564487515290271,0.012564487515290271,0.012564487515290271,0.012564487515290271,0.012564487515290271,0.051023724533214784,0.18313018100526238,0.012564487515290271,0.07804088239280133,0.12552708649300828,0.012564487515290271,0.012564487515290271,0.08025745884305183,0.12401374822474019,0.14095803800849935,0.06627503031593884,0.012564487515290271,0.012564487515290271
84,0.01818189235938122,0.01818189235938122,0.01818189235938122,0.01818189235938122,0.07983048503705899,0.06491745229756071,0.01818189235938122,0.08071281446874029,0.01818189235938122,0.2650050974812685,0.2070017969556439,0.01818189235938122,0.01818189235938122,0.01818189235938122,0.01818189235938122,0.01818189235938122,0.01818189235938122,0.04798586072839077,0.01818189235938122,0.01818189235938122
85,0.020296948166279888,0.12887189444086194,0.020296948166279888,0.020296948166279888,0.29583250307837106,0.020296948166279888,0.020296948166279888,0.020296948166279888,0.020296948166279888,0.020296948166279888,0.19941551621992465,0.020296948166279888,0.020296948166279888,0.020296948166279888,0.020296948166279888,0.020296948166279888,0.020296948166279888,0.020296948166279888,0.05112891560036456,0.020296948166279888
86,0.43410647817529807,0.029783869569721157,0.029783869569721157,0.029783869569721157,0.029783869569721157,0.029783869569721157,0.029783869569721157,0.029783869569721157,0.029783869569721157,0.029783869569721157,0.029783869569721157,0.029783869569721157,0.029783869569721157,0.029783869569721157,0.029783869569721157,0.029783869569721157,0.029783869569721157,0.029783869569721157,0.029783869569721157,0.029783869569721157
87,0.021673266977755307,0.021673266977755307,0.057169022932288364,0.021673266977755307,0.021673266977755307,0.31589265378167003,0.021673266977755307,0.021673266977755307,0.021673266977755307,0.021673266977755307,0.021673266977755307,0.16237602045952418,0.021673266977755307,0.11779003118243281,0.021673266977755307,0.021673266977755307,0.021673266977755307,0.021673266977755307,0.021673266977755307,0.021673266977755307
88,0.019365444288847965,0.04666980774386053,0.019365444288847965,0.019365444288847965,0.28225562829747625,0.019365444288847965,0.019365444288847965,0.019365444288847965,0.019365444288847965,0.08333170446379977,0.06539352148694945,0.019365444288847965,0.019365444288847965,0.019365444288847965,0.019365444288847965,0.019365444288847965,0.1012821767696219,0.019365444288847965,0.019365444288847965,0.14995094119442093
89,0.02667111718207026,0.02667111718207026,0.02667111718207026,0.02667111718207026,0.07183934159412136,0.02667111718207026,0.08601424178611165,0.02667111718207026,0.02667111718207026,0.02667111718207026,0.02667111718207026,0.02667111718207026,0.02667111718207026,0.38873742452457283,0.02667111718207026,0.02667111718207026,0.02667111718207026,0.02667111718207026,0.02667111718207026,0.02667111718207026
90,0.029783869569721157,0.029783869569721157,0.029783869569721157,0.029783869569721157,0.029783869569721157,0.43410647817529807,0.029783869569721157,0.029783869569721157,0.029783869569721157,0.029783869569721157,0.029783869569721157,0.029783869569721157,0.029783869569721157,0.029783869569721157,0.029783869569721157,0.029783869569721157,0.029783869569721157,0.029783869569721157,0.029783869569721157,0.029783869569721157
91,0.29898567733216586,0.12819357638078244,0.020513286174181498,0.020513286174181498,0.020513286174181498,0.020513286174181498,0.020513286174181498,0.020513286174181498,0.020513286174181498,0.020513286174181498,0.020513286174181498,0.020513286174181498,0.1910946851677508,0.020513286174181498,0.020513286174181498,0.020513286174181498,0.020513286174181498,0.05351348233239732,0.020513286174181498,0.020513286174181498
92,0.02978386956972115,0.02978386956972115,0.02978386956972115,0.02978386956972115,0.02978386956972115,0.02978386956972115,0.02978386956972115,0.02978386956972115,0.02978386956972115,0.02978386956972115,0.02978386956972115,0.02978386956972115,0.02978386956972115,0.02978386956972115,0.02978386956972115,0.02978386956972115,0.02978386956972115,0.02978386956972115,0.02978386956972115,0.43410647817529796
93,0.09072349981840276,0.1523133634662928,0.01543016314945679,0.01543016314945679,0.01543016314945679,0.06270537304286991,0.01543016314945679,0.01543016314945679,0.01543016314945679,0.01543016314945679,0.01543016314945679,0.08789991988657275,0.01543016314945679,0.01543016314945679,0.01543016314945679,0.16543752329826966,0.2248980363951971,0.01543016314945679,0.01543016314945679,0.01543016314945679
94,0.029783869569721157,0.029783869569721157,0.029783869569721157,0.029783869569721157,0.029783869569721157,0.43410647817529807,0.029783869569721157,0.029783869569721157,0.029783869569721157,0.029783869569721157,0.029783869569721157,0.029783869569721157,0.029783869569721157,0.029783869569721157,0.029783869569721157,0.029783869569721157,0.029783869569721157,0.029783869569721157,0.029783869569721157,0.029783869569721157
95,0.04744892035012792,0.06476142496892101,0.0074071520052451005,0.0074071520052451005,0.07183223613119273,0.0074071520052451005,0.07283080625317326,0.0886638588178803,0.0074071520052451005,0.10845141951262162,0.09286365957277674,0.05218344004759335,0.0074071520052451005,0.061216942384853444,0.0074071520052451005,0.03251969687006231,0.06007198148884728,0.10796087670135979,0.031793491927749794,0.06295833294137014
96,0.07957057218731146,0.10935670284754123,0.013819859296032964,0.013819859296032964,0.0507352465637647,0.05559845643443337,0.013819859296032964,0.07297280902956448,0.013819859296032964,0.013819859296032964,0.013819859296032964,0.013819859296032964,0.2014275020186771,0.08069314052307253,0.013819859296032964,0.013819859296032964,0.04505929923361575,0.08615743806414732,0.039844777047752335,0.05420532238582333
97,0.04739851766110352,0.04562363678820473,0.0263878758106093,0.031074009438881167,0.06072591253963486,0.04005113522732509,0.05740488842749295,0.063191139044457445,0.03003039508468207,0.06571389947901284,0.05781122936002044,0.07889074423470288,0.03452319984923562,0.06075270590883825,0.031093107965733235,0.05430139594760148,0.052227457591732744,0.057658980883596694,0.041160168670010454,0.06397960008712415
