site,A,C,D,E,F,G,H,I,K,L,M,N,P,Q,R,S,T,V,W,Y
1,0.029783869569721164,0.029783869569721164,0.029783869569721164,0.029783869569721164,0.029783869569721164,0.029783869569721164,0.029783869569721164,0.029783869569721164,0.029783869569721164,0.029783869569721164,0.4341064781752981,0.029783869569721164,0.029783869569721164,0.029783869569721164,0.029783869569721164,0.029783869569721164,0.029783869569721164,0.029783869569721164,0.029783869569721164,0.029783869569721164
2,0.029783869569721157,0.029783869569721157,0.029783869569721157,0.029783869569721157,0.029783869569721157,0.43410647817529807,0.029783869569721157,0.029783869569721157,0.029783869569721157,0.029783869569721157,0.029783869569721157,0.029783869569721157,0.029783869569721157,0.029783869569721157,0.029783869569721157,0.029783869569721157,0.029783869569721157,0.029783869569721157,0.029783869569721157,0.029783869569721157
3,0.22564176183971796,0.015481189850851344,0.015481189850851344,0.015481189850851344,0.015481189850851344,0.1117892801980442,0.10947119113262385,0.015481189850851344,0.015481189850851344,0.0723324958449974,0.015481189850851344,0.015481189850851344,0.015481189850851344,0.08828216766036226,0.015481189850851344,0.08153915195887437,0.10968848330431272,0.015481189850851344,0.015481189850851344,0.015481189850851344
4,0.0896650290581731,0.012388055992600958,0.012388055992600958,0.0819709914199758,0.012388055992600958,0.055213602663632365,0.03021474069831144,0.0674659424539628,0.012388055992600958,0.012388055992600958,0.012388055992600958,0.09172529955521806,0.04959985425631806,0.18055865258869871,0.012388055992600958,0.07605353603622979,0.09420554707842714,0.0718343002576441,0.012388055992600958,0.012388055992600958
5,0.05513211444699444,0.007327539741508604,0.007327539741508604,0.06347968857210046,0.06455340069330533,0.04372773277123314,0.0700463818576987,0.07840911016366227,0.007327539741508604,0.059981879602488734,0.10752579187141685,0.07679055419091577,0.01759371136662308,0.061322916426598706,0.007327539741508604,0.05844896011078864,0.04916246735666949,0.10680051037121213,0.007327539741508604,0.05038708149074922
6,0.15585699063261269,0.11639176463515047,0.015683312270548606,0.015683312270548606,0.015683312270548606,0.0376849573017964,0.015683312270548606,0.015683312270548606,0.015683312270548606,0.052695478723171166,0.015683312270548606,0.015683312270548606,0.015683312270548606,0.015683312270548606,0.05206301504269412,0.2285877407552397,0.15283699339220366,0.015683312270548606,0.015683312270548606,0.015683312270548606
7,0.009052803019112309,0.009052803019112309,0.11896705716322581,0.06647878426859308,0.009052803019112309,0.05206598185565089,0.054704658719722465,0.04753121152451333,0.009052803019112309,0.06368333084860996,0.03442119374407224,0.05874705804373948,0.03011905780739985,0.0852097257603398,0.04144571702646748,0.05689207069931458,0.1319466037494584,0.06286083631572177,0.009052803019112309,0.04966269737760957
8,0.02457671004062901,0.02457671004062901,0.02457671004062901,0.02457671004062901,0.02457671004062901,0.02457671004062901,0.02996205321551781,0.02457671004062901,0.02457671004062901,0.07045953695762094,0.02457671004062901,0.02457671004062901,0.08494242409260691,0.3582109777877606,0.08777435733705871,0.02457671004062901,0.02457671004062901,0.02457671004062901,0.02457671004062901,0.02457671004062901
9,0.11455625976321777,0.014673944386072512,0.014673944386072512,0.014673944386072512,0.014673944386072512,0.014673944386072512,0.11659016708684579,0.014673944386072512,0.21387598087167428,0.07486300608724039,0.02951381270839187,0.02951381270839187,0.014673944386072512,0.014673944386072512,0.053207262425315247,0.07055177009032841,0.08152961087560714,0.06905887352226205,0.014673944386072512,0.014673944386072512
10,0.015050546965649687,0.13867457308718992,0.015050546965649687,0.015050546965649687,0.015050546965649687,0.015050546965649687,0.015050546965649687,0.015050546965649687,0.015050546965649687,0.015050546965649687,0.015050546965649687,0.015050546965649687,0.15945653869176063,0.015050546965649687,0.015050546965649687,0.1109046343782315,0.21936504665976056,0.14584100269831216,0.015050546965649687,0.015050546965649687
11,0.027474438292918624,0.027474438292918624,0.027474438292918624,0.027474438292918624,0.027474438292918624,0.4004460071671981,0.027474438292918624,0.027474438292918624,0.027474438292918624,0.027474438292918624,0.027474438292918624,0.027474438292918624,0.027474438292918624,0.027474438292918624,0.027474438292918624,0.10292241463354368,0.027474438292918624,0.027474438292918624,0.029566127219641487,0.027474438292918624
12,0.18303847689490196,0.012558195733436516,0.09261816253067019,0.12936382427919224,0.012558195733436516,0.012558195733436516,0.012558195733436516,0.012558195733436516,0.012558195733436516,0.012558195733436516,0.14429018540494906,0.012558195733436516,0.012558195733436516,0.08872219964824962,0.012558195733436516,0.09834442887667796,0.1003661778306846,0.012558195733436516,0.012558195733436516,0.012558195733436516
13,0.029783869569721164,0.029783869569721164,0.029783869569721164,0.029783869569721164,0.029783869569721164,0.029783869569721164,0.4341064781752981,0.029783869569721164,0.029783869569721164,0.029783869569721164,0.029783869569721164,0.029783869569721164,0.029783869569721164,0.029783869569721164,0.029783869569721164,0.029783869569721164,0.029783869569721164,0.029783869569721164,0.029783869569721164,0.029783869569721164
14,0.024950590903002324,0.024950590903002324,0.029208555329096494,0.3636603739463788,0.024950590903002324,0.024950590903002324,0.024950590903002324,0.024950590903002324,0.024950590903002324,0.024950590903002324,0.024950590903002324,0.024950590903002324,0.024950590903002324,0.024950590903002324,0.024950590903002324,0.1178759515216016,0.09004566475488592,0.024950590903002324,0.024950590903002324,0.024950590903002324
15,0.14115789114052812,0.1088103436477298,0.009856311915416638,0.009856311915416638,0.009856311915416638,0.03382095719734103,0.11205474276712175,0.009856311915416638,0.009856311915416638,0.009856311915416638,0.009856311915416638,0.0867173854802347,0.04174749045088656,0.04838524896958533,0.009856311915416638,0.09584980893009244,0.14365792340658576,0.009856311915416638,0.04706874601222554,0.052022654758919366
16,0.062150053831511926,0.04987857484733733,0.19297449617396806,0.04174409974862108,0.04406968304491244,0.04336658596413947,0.02911077342263313,0.003923390577898577,0.003923390577898577,0.06394555034625683,0.03721390231058436,0.046765543384227455,0.054902685423729725,0.049395545528818294,0.05718428434192354,0.05733957373602027,0.07078357407648311,0.022954033662465206,0.03721390231058436,0.031160356689986318
17,0.07451278343430008,0.1404903991532411,0.010101789906130103,0.010101789906130103,0.010101789906130103,0.04986122385431638,0.010101789906130103,0.010101789906130103,0.010101789906130103,0.14723581934682672,0.02383449551252724,0.15593461651666818,0.04344704945895289,0.010101789906130103,0.010101789906130103,0.010101789906130103,0.1047377102543845,0.14882621350135197,0.010101789906130103,0.010101789906130103
18,0.07906911080081322,0.0078119216688739305,0.14607649103827444,0.0691352476383282,0.05911117638045857,0.09270308533048505,0.04900771174870214,0.0078119216688739305,0.029430631191044172,0.09215606060074921,0.0078119216688739305,0.11386048396155087,0.04054735340274039,0.06627828265713641,0.0078119216688739305,0.05560299241693898,0.05233792115066072,0.0078119216688739305,0.0078119216688739305,0.0078119216688739305
19,0.17655663078168632,0.18607197196985498,0.012113478898022093,0.012113478898022093,0.012113478898022093,0.012113478898022093,0.012113478898022093,0.012113478898022093,0.012113478898022093,0.012113478898022093,0.012113478898022093,0.012113478898022093,0.14359871589840315,0.012113478898022093,0.012113478898022093,0.1284215956050057,0.12832857250176113,0.06743380867097973,0.012113478898022093,0.012113478898022093
20,0.0654142368100697,0.005586526776102395,0.06099652740399838,0.07580732044362286,0.005586526776102395,0.09786415641638974,0.0609698500595648,0.005586526776102395,0.04353536489832642,0.060976879045807814,0.07809870469910929,0.059394139814327736,0.025993222136896015,0.04922173033524166,0.04783891024160777,0.08142486181417015,0.05531317925201458,0.056295841613537206,0.058508967910906345,0.005586526776102395
21,0.08031152133255894,0.00544851718706981,0.06333082042169898,0.1459917638315642,0.00544851718706981,0.07941334156798084,0.056467905430030746,0.00544851718706981,0.06287452117792029,0.00544851718706981,0.04188830952695292,0.05375420709976033,0.09465753505782092,0.061233371352948145,0.03617942198013261,0.0723589539693006,0.0824175822453369,0.03642964188357468,0.00544851718706981,0.00544851718706981
22,0.1155808478027435,0.006610902795519436,0.06294929328139019,0.006610902795519436,0.08377952061757653,0.08346883681046711,0.006610902795519436,0.006610902795519436,0.028034036806899733,0.04064638086594377,0.028034036806899733,0.09635536857976654,0.0821494891040737,0.07016091431524263,0.06161676767294957,0.09511436887311119,0.10583381889429985,0.006610902795519436,0.006610902795519436,0.006610902795519436
23,0.014072597328548504,0.16353555382171697,0.014072597328548504,0.014072597328548504,0.10314514216999314,0.1673606395737205,0.014072597328548504,0.02348775078107951,0.014072597328548504,0.014072597328548504,0.014072597328548504,0.014072597328548504,0.014072597328548504,0.014072597328548504,0.014072597328548504,0.20511121467191185,0.014072597328548504,0.014072597328548504,0.014072597328548504,0.1403433363818993
24,0.042870759154446936,0.036113597432192245,0.005257111975621739,0.07242066432560712,0.06606132828008512,0.026592226541825165,0.03511519847071826,0.07662356833010071,0.04800906417404042,0.10002993176824669,0.04325660919351024,0.055219060557897603,0.04470883131668533,0.048383727856687576,0.039496022876118406,0.0549572017836471,0.03308082550540157,0.05747764527820402,0.05588508111287194,0.058441544066091866
25,0.016309077117726795,0.016309077117726795,0.016309077117726795,0.10129791825838666,0.016309077117726795,0.016309077117726795,0.016309077117726795,0.23770840163305224,0.016309077117726795,0.169612093874513,0.025393362664699402,0.016309077117726795,0.07180758914259461,0.016309077117726795,0.016309077117726795,0.016309077117726795,0.016309077117726795,0.16585355477857927,0.016309077117726795,0.016309077117726795
26,0.0982868294510656,0.008102411279028852,0.008102411279028852,0.09016024449928732,0.008102411279028852,0.04344063884368744,0.11809443419812683,0.008102411279028852,0.06533826410962457,0.008102411279028852,0.008102411279028852,0.008102411279028852,0.008102411279028852,0.026141857122478702,0.09701637124346359,0.10582029780621743,0.094764963093567,0.008102411279028852,0.09104670467955091,0.09696769344167092
27,0.019060595533598346,0.1479162732631444,0.019060595533598346,0.019060595533598346,0.019060595533598346,0.019060595533598346,0.019060595533598346,0.019060595533598346,0.019060595533598346,0.1096698932546734,0.019060595533598346,0.019060595533598346,0.019060595533598346,0.019060595533598346,0.019060595533598346,0.019060595533598346,0.019060595533598346,0.019060595533598346,0.15963191459536957,0.27781239034923894
28,0.0691402662267912,0.1283942133047869,0.00942022313622762,0.00942022313622762,0.10424361864007572,0.03731778504298531,0.0766378646618775,0.00942022313622762,0.00942022313622762,0.09517824497959658,0.00942022313622762,0.0747733812564229,0.040557836632559574,0.00942022313622762,0.04350743260983656,0.06593723220994452,0.13730183311877558,0.051648506226526794,0.00942022313622762,0.00942022313622762
29,0.17167179645958872,0.01680012205672072,0.01680012205672072,0.01680012205672072,0.01680012205672072,0.13980561361978142,0.01680012205672072,0.01680012205672072,0.024431827848449814,0.01680012205672072,0.01680012205672072,0.2448654900897236,0.01680012205672072,0.01680012205672072,0.01680012205672072,0.1672234411316458,0.01680012205672072,0.01680012205672072,0.01680012205672072,0.01680012205672072
30,0.02042572269377072,0.02042572269377072,0.02042572269377072,0.02042572269377072,0.02042572269377072,0.02042572269377072,0.02042572269377072,0.29770942026258285,0.02042572269377072,0.19171721036789888,0.025914388866220026,0.02042572269377072,0.02042572269377072,0.02042572269377072,0.02042572269377072,0.02042572269377072,0.02042572269377072,0.15784741740296726,0.02042572269377072,0.02042572269377072
31,0.02196183279107764,0.02196183279107764,0.02196183279107764,0.02196183279107764,0.02196183279107764,0.02196183279107764,0.02196183279107764,0.02196183279107764,0.027094720499349058,0.11112110646249518,0.02196183279107764,0.32009856425444816,0.02196183279107764,0.1902962841264657,0.02196183279107764,0.02196183279107764,0.02196183279107764,0.02196183279107764,0.02196183279107764,0.02196183279107764
32,0.016555901388850724,0.016555901388850724,0.016555901388850724,0.016555901388850724,0.2448648484552864,0.016555901388850724,0.016555901388850724,0.016555901388850724,0.016555901388850724,0.016555901388850724,0.016555901388850724,0.016555901388850724,0.016555901388850724,0.016555901388850724,0.016555901388850724,0.016555901388850724,0.016555901388850724,0.016555901388850724,0.23237890802658498,0.24130591990766634
33,0.02978386956972115,0.02978386956972115,0.02978386956972115,0.02978386956972115,0.02978386956972115,0.02978386956972115,0.02978386956972115,0.02978386956972115,0.02978386956972115,0.02978386956972115,0.02978386956972115,0.02978386956972115,0.02978386956972115,0.02978386956972115,0.02978386956972115,0.02978386956972115,0.02978386956972115,0.02978386956972115,0.02978386956972115,0.43410647817529796
34,0.02465618621095386,0.02465618621095386,0.02465618621095386,0.02465618621095386,0.02465618621095386,0.02465618621095386,0.02465618621095386,0.02465618621095386,0.35936936052637075,0.02465618621095386,0.027807478894419306,0.027807478894419306,0.02465618621095386,0.02465618621095386,0.1905167023095292,0.02465618621095386,0.02465618621095386,0.02465618621095386,0.02465618621095386,0.02465618621095386
35,0.029783869569721157,0.029783869569721157,0.43410647817529807,0.029783869569721157,0.029783869569721157,0.029783869569721157,0.029783869569721157,0.029783869569721157,0.029783869569721157,0.029783869569721157,0.029783869569721157,0.029783869569721157,0.029783869569721157,0.029783869569721157,0.029783869569721157,0.029783869569721157,0.029783869569721157,0.029783869569721157,0.029783869569721157,0.029783869569721157
36,0.3038915644124321,0.02084987709891639,0.02084987709891639,0.02084987709891639,0.02084987709891639,0.02084987709891639,0.02084987709891639,0.02084987709891639,0.02084987709891639,0.02084987709891639,0.18753111146705662,0.02084987709891639,0.02084987709891639,0.02084987709891639,0.02084987709891639,0.15412941343893302,0.02084987709891639,0.02084987709891639,0.02084987709891639,0.02084987709891639
37,0.31932620245771554,0.28296844504120006,0.02190884136116115,0.02190884136116115,0.02190884136116115,0.02190884136116115,0.02190884136116115,0.02190884136116115,0.02190884136116115,0.02190884136116115,0.02525504936134569,0.02190884136116115,0.02190884136116115,0.02190884136116115,0.02190884136116115,0.02190884136116115,0.02190884136116115,0.02190884136116115,0.02190884136116115,0.02190884136116115
38,0.019719335897800932,0.019719335897800932,0.019719335897800932,0.019719335897800932,0.15593393145344608,0.019719335897800932,0.019719335897800932,0.019719335897800932,0.019719335897800932,0.019719335897800932,0.22142368161203113,0.019719335897800932,0.019719335897800932,0.019719335897800932,0.019719335897800932,0.28741367667190715,0.019719335897800932,0.019719335897800932,0.019719335897800932,0.019719335897800932
39,0.01506366483018341,0.01506366483018341,0.01506366483018341,0.01506366483018341,0.01506366483018341,0.01506366483018341,0.1612336062408259,0.01506366483018341,0.025945916205013353,0.07818217665000403,0.01506366483018341,0.21955624243304933,0.01506366483018341,0.01506366483018341,0.08544719558284632,0.08780702063978124,0.01506366483018341,0.01506366483018341,0.01506366483018341,0.14600019945609558
40,0.4167556079568017,0.01655723413788469,0.01655723413788469,0.01655723413788469,0.01655723413788469,0.06044606667992097,0.01655723413788469,0.01655723413788469,0.01655723413788469,0.01655723413788469,0.01655723413788469,0.01655723413788469,0.01655723413788469,0.01655723413788469,0.01655723413788469,0.24132534501923794,0.01655723413788469,0.01655723413788469,0.01655723413788469,0.01655723413788469
41,0.3012254266974012,0.20431359782122963,0.020666954470594474,0.020666954470594474,0.020666954470594474,0.020666954470594474,0.020666954470594474,0.020666954470594474,0.020666954470594474,0.020666954470594474,0.020666954470594474,0.020666954470594474,0.020666954470594474,0.020666954470594474,0.020666954470594474,0.1431227494812636,0.020666954470594474,0.020666954470594474,0.020666954470594474,0.020666954470594474
42,0.016731439371442402,0.016731439371442402,0.19325644554867355,0.016731439371442402,0.016731439371442402,0.016731439371442402,0.016731439371442402,0.016731439371442402,0.024327576194466037,0.016731439371442402,0.1588832053456214,0.24386442477992573,0.016731439371442402,0.016731439371442402,0.016731439371442402,0.12869675755967755,0.016731439371442402,0.016731439371442402,0.016731439371442402,0.016731439371442402
43,0.029783869569721164,0.029783869569721164,0.029783869569721164,0.029783869569721164,0.029783869569721164,0.029783869569721164,0.029783869569721164,0.029783869569721164,0.029783869569721164,0.029783869569721164,0.029783869569721164,0.029783869569721164,0.029783869569721164,0.029783869569721164,0.4341064781752981,0.029783869569721164,0.029783869569721164,0.029783869569721164,0.029783869569721164,0.029783869569721164
44,0.014328937123991546,0.014328937123991546,0.014328937123991546,0.014328937123991546,0.12856902047481616,0.014328937123991546,0.02173826426108139,0.014328937123991546,0.014328937123991546,0.014328937123991546,0.2752709100961684,0.15064032449262402,0.014328937123991546,0.20884742381543708,0.014328937123991546,0.014328937123991546,0.014328937123991546,0.014328937123991546,0.014328937123991546,0.014328937123991546
45,0.014218845458056129,0.014218845458056129,0.2072428134654018,0.027025217679480823,0.014218845458056129,0.014218845458056129,0.014218845458056129,0.09560540207780019,0.014218845458056129,0.0886752742558474,0.014218845458056129,0.014218845458056129,0.014218845458056129,0.10902799217520463,0.08046929309150665,0.1352545306504816,0.0860733311076037,0.014218845458056129,0.014218845458056129,0.014218845458056129
46,0.09284256415156983,0.010322739423226333,0.010322739423226333,0.010322739423226333,0.15045620736580617,0.010322739423226333,0.010322739423226333,0.09131535283409108,0.010322739423226333,0.08583291260742243,0.010322739423226333,0.055162459764202434,0.010322739423226333,0.08261595913076705,0.010322739423226333,0.05193073801287341,0.05299523431825424,0.1228721439194047,0.11074903366334538,0.010322739423226333
47,0.08714396335776191,0.09157794338086084,0.03814474283282428,0.005691052357154537,0.005691052357154537,0.04941717027004262,0.059523165127524695,0.050092398689055094,0.04943499604246111,0.048830869273149384,0.005691052357154537,0.04821358042881006,0.005691052357154537,0.07647709907803894,0.03343559463432271,0.06503268322848746,0.08294834524749478,0.0678954333812421,0.05439236226481405,0.07467544333449196
48,0.07949787348944419,0.1357097333095749,0.00734058801347737,0.09006320651044289,0.0591257287832326,0.00734058801347737,0.029303624029328616,0.0734271661841051,0.00734058801347737,0.04778643708868213,0.00734058801347737,0.056010787562120946,0.00734058801347737,0.10699069181749381,0.00734058801347737,0.08308036901499805,0.07622300979085576,0.059000575466192744,0.00734058801347737,0.05239668085918699
49,0.01604916742369371,0.01604916742369371,0.2339201604289938,0.025250477677887618,0.01604916742369371,0.01604916742369371,0.01604916742369371,0.01604916742369371,0.01604916742369371,0.01604916742369371,0.01604916742369371,0.18396391339319518,0.01604916742369371,0.1197864717027816,0.01604916742369371,0.07839423535782877,0.01604916742369371,0.01604916742369371,0.13399639750760117,0.01604916742369371
50,0.14544385492738746,0.020680875647085095,0.020680875647085095,0.020680875647085095,0.020680875647085095,0.020680875647085095,0.020680875647085095,0.020680875647085095,0.020680875647085095,0.020680875647085095,0.20155292815225437,0.020680875647085095,0.3014283309199117,0.020680875647085095,0.020680875647085095,0.020680875647085095,0.020680875647085095,0.020680875647085095,0.020680875647085095,0.020680875647085095
51,0.06039451005443373,0.08917365258970177,0.007559456652140288,0.07734407405263248,0.007559456652140288,0.11018075057364592,0.06141198380407959,0.0719968795365907,0.007559456652140288,0.007559456652140288,0.007559456652140288,0.0858983405518491,0.04194884900672924,0.05094296118623988,0.04424426725704732,0.0810240157259054,0.07204281854736357,0.007559456652140288,0.007559456652140288,0.10048070054879936
52,0.07472640430876931,0.013148970902945355,0.013148970902945355,0.013148970902945355,0.013148970902945355,0.013148970902945355,0.013148970902945355,0.07860758224083415,0.19164915549153463,0.013148970902945355,0.02682896040641168,0.02682896040641168,0.11641790625041917,0.013148970902945355,0.13551393008930307,0.013148970902945355,0.013148970902945355,0.08770012745350439,0.11708829342041314,0.013148970902945355
53,0.029783869569721157,0.029783869569721157,0.029783869569721157,0.029783869569721157,0.43410647817529807,0.029783869569721157,0.029783869569721157,0.029783869569721157,0.029783869569721157,0.029783869569721157,0.029783869569721157,0.029783869569721157,0.029783869569721157,0.029783869569721157,0.029783869569721157,0.029783869569721157,0.029783869569721157,0.029783869569721157,0.029783869569721157,0.029783869569721157
54,0.16669781378410328,0.18199082735809907,0.0147808152786225,0.0147808152786225,0.0147808152786225,0.0147808152786225,0.0147808152786225,0.0147808152786225,0.0147808152786225,0.0147808152786225,0.0147808152786225,0.0147808152786225,0.0147808152786225,0.0147808152786225,0.0147808152786225,0.1993846666616833,0.2154336477381546,0.0147808152786225,0.0147808152786225,0.0147808152786225
55,0.0647688884969888,0.010003824748284292,0.02416070989381083,0.14580795553091858,0.010003824748284292,0.010003824748284292,0.010003824748284292,0.010003824748284292,0.010003824748284292,0.010003824748284292,0.16195913561698125,0.14308307745530768,0.010003824748284292,0.12364975059967094,0.06876329283466111,0.08790919826610318,0.06985591907443045,0.010003824748284292,0.010003824748284292,0.010003824748284292
56,0.029783869569721164,0.029783869569721164,0.029783869569721164,0.029783869569721164,0.029783869569721164,0.029783869569721164,0.029783869569721164,0.029783869569721164,0.029783869569721164,0.029783869569721164,0.029783869569721164,0.029783869569721164,0.4341064781752981,0.029783869569721164,0.029783869569721164,0.029783869569721164,0.029783869569721164,0.029783869569721164,0.029783869569721164,0.029783869569721164
57,0.012678653645376486,0.14055349122616004,0.012678653645376486,0.012678653645376486,0.012678653645376486,0.012678653645376486,0.012678653645376486,0.17329621255947966,0.012678653645376486,0.14263343354622107,0.022062282282920693,0.012678653645376486,0.012678653645376486,0.012678653645376486,0.012678653645376486,0.012678653645376486,0.1591592517796115,0.1847941775703364,0.012678653645376486,0.012678653645376486
58,0.16506835420996568,0.015708293186249275,0.015708293186249275,0.015708293186249275,0.015708293186249275,0.015708293186249275,0.015708293186249275,0.015708293186249275,0.22895184311981076,0.015708293186249275,0.02380394641470897,0.02380394641470897,0.015708293186249275,0.2027468840695096,0.015708293186249275,0.015708293186249275,0.015708293186249275,0.13570892116380637,0.015708293186249275,0.015708293186249275
59,0.029783869569721157,0.029783869569721157,0.43410647817529807,0.029783869569721157,0.029783869569721157,0.029783869569721157,0.029783869569721157,0.029783869569721157,0.029783869569721157,0.029783869569721157,0.029783869569721157,0.029783869569721157,0.029783869569721157,0.029783869569721157,0.029783869569721157,0.029783869569721157,0.029783869569721157,0.029783869569721157,0.029783869569721157,0.029783869569721157
60,0.01344368814624505,0.12097943541924375,0.01344368814624505,0.01344368814624505,0.17397978031242048,0.01344368814624505,0.01344368814624505,0.19594472441507127,0.01344368814624505,0.20447687533705358,0.022689749538470992,0.01344368814624505,0.01344368814624505,0.01344368814624505,0.01344368814624505,0.01344368814624505,0.09371780093030961,0.01344368814624505,0.01344368814624505,0.01344368814624505
61,0.023624155546427064,0.023624155546427064,0.023624155546427064,0.023624155546427064,0.023624155546427064,0.023624155546427064,0.023624155546427064,0.02679032076534612,0.023624155546427064,0.22727174932799019,0.34432728561740406,0.023624155546427064,0.023624155546427064,0.023624155546427064,0.023624155546427064,0.023624155546427064,0.023624155546427064,0.023624155546427064,0.023624155546427064,0.023624155546427064
62,0.06990046865348414,0.008886433834281225,0.008886433834281225,0.008886433834281225,0.008886433834281225,0.008886433834281225,0.09175020322504693,0.12952173612992857,0.008886433834281225,0.0907611279436568,0.027279354639043876,0.008886433834281225,0.008886433834281225,0.11080402246568262,0.06894478646287511,0.07139281591658228,0.07509043420311098,0.09695738817163668,0.008886433834281225,0.08761975768042102
63,0.017987045839886754,0.017987045839886754,0.017987045839886754,0.017987045839886754,0.19860182293681675,0.017987045839886754,0.017987045839886754,0.017987045839886754,0.2621651664184342,0.017987045839886754,0.017987045839886754,0.023667799717899878,0.017987045839886754,0.22777247748866153,0.017987045839886754,0.017987045839886754,0.017987045839886754,0.017987045839886754,0.017987045839886754,0.017987045839886754
64,0.02009595279692327,0.02009595279692327,0.02009595279692327,0.02009595279692327,0.02009595279692327,0.02009595279692327,0.02009595279692327,0.02009595279692327,0.02009595279692327,0.02009595279692327,0.02009595279692327,0.02009595279692327,0.08825768074190331,0.02009595279692327,0.02009595279692327,0.29290295117052734,0.27720817053987384,0.02009595279692327,0.02009595279692327,0.02009595279692327
65,0.05930915031831556,0.10637197441620756,0.062487810327178345,0.059332129637387175,0.006775198353058075,0.05195103509691905,0.05488688951131007,0.006775198353058075,0.006775198353058075,0.09875001262344892,0.12348734166672308,0.006775198353058075,0.006775198353058075,0.05944213599690469,0.03680520454376287,0.059717334632847084,0.05480370008221367,0.050743139982417196,0.006775198353058075,0.08126095104601648
66,0.15254188331865115,0.021199562156624323,0.021199562156624323,0.021199562156624323,0.021199562156624323,0.021199562156624323,0.021199562156624323,0.021199562156624323,0.021199562156624323,0.021199562156624323,0.021199562156624323,0.021199562156624323,0.308988301373248,0.021199562156624323,0.021199562156624323,0.021199562156624323,0.021199562156624323,0.021199562156624323,0.021199562156624323,0.17807725864548757
67,0.3699081950455663,0.025379251377030104,0.025379251377030104,0.025379251377030104,0.025379251377030104,0.025379251377030104,0.025379251377030104,0.025379251377030104,0.025379251377030104,0.025379251377030104,0.025379251377030104,0.025379251377030104,0.025379251377030104,0.025379251377030104,0.025379251377030104,0.025379251377030104,0.17326528016789178,0.025379251377030104,0.025379251377030104,0.025379251377030104
68,0.029783869569721164,0.029783869569721164,0.029783869569721164,0.029783869569721164,0.029783869569721164,0.029783869569721164,0.029783869569721164,0.029783869569721164,0.029783869569721164,0.4341064781752981,0.029783869569721164,0.029783869569721164,0.029783869569721164,0.029783869569721164,0.029783869569721164,0.029783869569721164,0.029783869569721164,0.029783869569721164,0.029783869569721164,0.029783869569721164
69,0.14813717384730718,0.11256488295954228,0.015910612968197433,0.015910612968197433,0.015910612968197433,0.015910612968197433,0.015910612968197433,0.015910612968197433,0.025240181786344965,0.015910612968197433,0.015910612968197433,0.23190069863373622,0.015910612968197433,0.1652600977612985,0.015910612968197433,0.09414838345700678,0.015910612968197433,0.015910612968197433,0.015910612968197433,0.015910612968197433
70,0.023728932239687212,0.026880019460520186,0.023728932239687212,0.023728932239687212,0.023728932239687212,0.023728932239687212,0.023728932239687212,0.023728932239687212,0.023728932239687212,0.023728932239687212,0.023728932239687212,0.023728932239687212,0.023728932239687212,0.023728932239687212,0.023728932239687212,0.3458544290666306,0.023728932239687212,0.023728932239687212,0.2238737033981667,0.023728932239687212
71,0.029783869569721164,0.029783869569721164,0.029783869569721164,0.029783869569721164,0.029783869569721164,0.029783869569721164,0.029783869569721164,0.029783869569721164,0.029783869569721164,0.029783869569721164,0.029783869569721164,0.029783869569721164,0.4341064781752981,0.029783869569721164,0.029783869569721164,0.029783869569721164,0.029783869569721164,0.029783869569721164,0.029783869569721164,0.029783869569721164
72,0.015302034944086707,0.015302034944086707,0.015302034944086707,0.015302034944086707,0.015302034944086707,0.015302034944086707,0.015302034944086707,0.015302034944086707,0.11506961631267028,0.015302034944086707,0.015302034944086707,0.31576663083617107,0.015302034944086707,0.015302034944086707,0.015302034944086707,0.10130065424710495,0.22303053949866647,0.015302034944086707,0.015302034944086707,0.015302034944086707
73,0.019206954498859057,0.019206954498859057,0.019206954498859057,0.025406471672621594,0.019206954498859057,0.019206954498859057,0.025406471672621594,0.019206954498859057,0.019206954498859057,0.019206954498859057,0.025406471672621594,0.019206954498859057,0.019206954498859057,0.019206954498859057,0.019206954498859057,0.019206954498859057,0.019206954498859057,0.2799456045983135,0.23975351915476584,0.13518409824502892
74,0.023720181746383042,0.023720181746383042,0.026872548618573782,0.345726888693756,0.023720181746383042,0.023720181746383042,0.023720181746383042,0.023720181746383042,0.023720181746383042,0.023720181746383042,0.22415747299915892,0.023720181746383042,0.023720181746383042,0.023720181746383042,0.023720181746383042,0.023720181746383042,0.023720181746383042,0.023720181746383042,0.023720181746383042,0.023720181746383042
75,0.16185310073516648,0.02271099676323089,0.027731215405311593,0.33101779463738956,0.02271099676323089,0.02271099676323089,0.02271099676323089,0.02271099676323089,0.02271099676323089,0.02271099676323089,0.02271099676323089,0.02271099676323089,0.02271099676323089,0.02271099676323089,0.02271099676323089,0.11602194101043853,0.02271099676323089,0.02271099676323089,0.02271099676323089,0.02271099676323089
76,0.09572178425426081,0.23929825264199978,0.0164181561512506,0.0164181561512506,0.0164181561512506,0.0164181561512506,0.0164181561512506,0.0164181561512506,0.0164181561512506,0.12309761845279218,0.20110177217462288,0.0164181561512506,0.0164181561512506,0.0164181561512506,0.0164181561512506,0.0164181561512506,0.08541648067128829,0.0164181561512506,0.02550990568752783,0.0164181561512506
77,0.029783869569721157,0.029783869569721157,0.029783869569721157,0.029783869569721157,0.029783869569721157,0.43410647817529807,0.029783869569721157,0.029783869569721157,0.029783869569721157,0.029783869569721157,0.029783869569721157,0.029783869569721157,0.029783869569721157,0.029783869569721157,0.029783869569721157,0.029783869569721157,0.029783869569721157,0.029783869569721157,0.029783869569721157,0.029783869569721157
78,0.014946332832412397,0.014946332832412397,0.014946332832412397,0.014946332832412397,0.27972556497013074,0.014946332832412397,0.014946332832412397,0.014946332832412397,0.014946332832412397,0.11524577904952756,0.14804122801460787,0.014946332832412397,0.014946332832412397,0.014946332832412397,0.014946332832412397,0.014946332832412397,0.014946332832412397,0.014946332832412397,0.014946332832412397,0.21784610264713558
79,0.029783869569721164,0.029783869569721164,0.029783869569721164,0.029783869569721164,0.029783869569721164,0.029783869569721164,0.029783869569721164,0.029783869569721164,0.029783869569721164,0.029783869569721164,0.029783869569721164,0.029783869569721164,0.029783869569721164,0.029783869569721164,0.029783869569721164,0.4341064781752981,0.029783869569721164,0.029783869569721164,0.029783869569721164,0.029783869569721164
80,0.029783869569721157,0.029783869569721157,0.43410647817529807,0.029783869569721157,0.029783869569721157,0.029783869569721157,0.029783869569721157,0.029783869569721157,0.029783869569721157,0.029783869569721157,0.029783869569721157,0.029783869569721157,0.029783869569721157,0.029783869569721157,0.029783869569721157,0.029783869569721157,0.029783869569721157,0.029783869569721157,0.029783869569721157,0.029783869569721157
81,0.026455740170084424,0.026455740170084424,0.026455740170084424,0.026455740170084424,0.026455740170084424,0.026455740170084424,0.026455740170084424,0.026455740170084424,0.026455740170084424,0.026455740170084424,0.029091145029111108,0.026455740170084424,0.026455740170084424,0.026455740170084424,0.38559825699853245,0.026455740170084424,0.13292761022189453,0.026455740170084424,0.029091145029111108,0.026455740170084424
82,0.3192879348527688,0.02190621583629161,0.02190621583629161,0.14168527278528778,0.02190621583629161,0.02190621583629161,0.02190621583629161,0.02190621583629161,0.02190621583629161,0.02190621583629161,0.02190621583629161,0.02190621583629161,0.02190621583629161,0.02190621583629161,0.02190621583629161,0.02190621583629161,0.02190621583629161,0.16662112314498648,0.02190621583629161,0.02190621583629161
83,0.024335666930201387,0.024335666930201387,0.024335666930201387,0.024335666930201387,0.024335666930201387,0.024335666930201387,0.024335666930201387,0.024335666930201387,0.20726027404903327,0.024335666930201387,0.024335666930201387,0.024335666930201387,0.024335666930201387,0.024335666930201387,0.354697721207342,0.024335666930201387,0.024335666930201387,0.024335666930201387,0.024335666930201387,0.024335666930201387
84,0.17739270630645215,0.013898871228594413,0.013898871228594413,0.013898871228594413,0.013898871228594413,0.013898871228594413,0.11984069636908158,0.013898871228594413,0.013898871228594413,0.013898871228594413,0.013898871228594413,0.013898871228594413,0.013898871228594413,0.013898871228594413,0.013898871228594413,0.20257911838933648,0.27780553927761936,0.013898871228594413,0.013898871228594413,0.013898871228594413
85,0.020520576407664068,0.020520576407664068,0.020520576407664068,0.020520576407664068,0.21751546103126823,0.020520576407664068,0.020520576407664068,0.29909193409557217,0.020520576407664068,0.020520576407664068,0.025913984184200056,0.020520576407664068,0.020520576407664068,0.020520576407664068,0.020520576407664068,0.020520576407664068,0.020520576407664068,0.12914939816633503,0.020520576407664068,0.020520576407664068
86,0.022409948285531927,0.022409948285531927,0.022409948285531927,0.022409948285531927,0.022409948285531927,0.022409948285531927,0.022409948285531927,0.16410095395868032,0.022409948285531927,0.022409948285531927,0.022409948285531927,0.022409948285531927,0.022409948285531927,0.022409948285531927,0.022409948285531927,0.022409948285531927,0.32662994657392674,0.12829997861335019,0.022409948285531927,0.022409948285531927
87,0.024699441267088767,0.024699441267088767,0.024699441267088767,0.024699441267088767,0.02768338555738934,0.024699441267088767,0.024699441267088767,0.024699441267088767,0.024699441267088767,0.3599998125244916,0.024699441267088767,0.024699441267088767,0.024699441267088767,0.024699441267088767,0.024699441267088767,0.024699441267088767,0.024699441267088767,0.19242630037761022,0.024699441267088767,0.024699441267088767
88,0.029783869569721157,0.029783869569721157,0.029783869569721157,0.029783869569721157,0.029783869569721157,0.43410647817529807,0.029783869569721157,0.029783869569721157,0.029783869569721157,0.029783869569721157,0.029783869569721157,0.029783869569721157,0.029783869569721157,0.029783869569721157,0.029783869569721157,0.029783869569721157,0.029783869569721157,0.029783869569721157,0.029783869569721157,0.029783869569721157
89,0.02248469607070046,0.02248469607070046,0.02597041500745169,0.02248469607070046,0.02248469607070046,0.02248469607070046,0.02248469607070046,0.02248469607070046,0.02597041500745169,0.02248469607070046,0.02248469607070046,0.32771941205439287,0.02248469607070046,0.02248469607070046,0.02248469607070046,0.02248469607070046,0.02248469607070046,0.02248469607070046,0.02248469607070046,0.26058462079949646
90,0.16351874449457848,0.01834034390046996,0.01834034390046996,0.01834034390046996,0.01834034390046996,0.08417331888873668,0.01834034390046996,0.01834034390046996,0.01834034390046996,0.01834034390046996,0.19154787051490352,0.01834034390046996,0.01834034390046996,0.01834034390046996,0.01834034390046996,0.2673145636942622,0.01834034390046996,0.01834034390046996,0.01834034390046996,0.01834034390046996
91,0.021095652684718733,0.021095652684718733,0.021095652684718733,0.021095652684718733,0.021095652684718733,0.021095652684718733,0.021095652684718733,0.021095652684718733,0.021095652684718733,0.021095652684718733,0.021095652684718733,0.021095652684718733,0.021095652684718733,0.1518192694724724,0.021095652684718733,0.1820808370204776,0.3074737978668316,0.021095652684718733,0.021095652684718733,0.021095652684718733
92,0.023869801652983996,0.023869801652983996,0.023869801652983996,0.023869801652983996,0.023869801652983996,0.023869801652983996,0.023869801652983996,0.34790763188319995,0.21930597322148146,0.023869801652983996,0.026999766794591307,0.023869801652983996,0.023869801652983996,0.023869801652983996,0.023869801652983996,0.023869801652983996,0.023869801652983996,0.023869801652983996,0.023869801652983996,0.023869801652983996
93,0.029783869569721157,0.029783869569721157,0.029783869569721157,0.029783869569721157,0.029783869569721157,0.029783869569721157,0.029783869569721157,0.029783869569721157,0.029783869569721157,0.029783869569721157,0.029783869569721157,0.029783869569721157,0.029783869569721157,0.029783869569721157,0.029783869569721157,0.029783869569721157,0.43410647817529807,0.029783869569721157,0.029783869569721157,0.029783869569721157
94,0.1544366213142739,0.017288476525068864,0.017288476525068864,0.017288476525068864,0.017288476525068864,0.017288476525068864,0.017288476525068864,0.017288476525068864,0.017288476525068864,0.017288476525068864,0.2150225686454136,0.017288476525068864,0.017288476525068864,0.017288476525068864,0.017288476525068864,0.10194182129679764,0.2519833643424132,0.017288476525068864,0.017288476525068864,0.017288476525068864
95,0.029783869569721164,0.029783869569721164,0.029783869569721164,0.029783869569721164,0.029783869569721164,0.029783869569721164,0.029783869569721164,0.029783869569721164,0.029783869569721164,0.029783869569721164,0.029783869569721164,0.029783869569721164,0.029783869569721164,0.4341064781752981,0.029783869569721164,0.029783869569721164,0.029783869569721164,0.029783869569721164,0.029783869569721164,0.029783869569721164
96,0.027299827866806844,0.027299827866806844,0.029475323961833184,0.39790102163552854,0.027299827866806844,0.027299827866806844,0.027299827866806844,0.027299827866806844,0.027299827866806844,0.027299827866806844,0.027299827866806844,0.027299827866806844,0.027299827866806844,0.027299827866806844,0.027299827866806844,0.10852658066692204,0.027299827866806844,0.027299827866806844,0.027299827866806844,0.027299827866806844
