coverage,wt.counts,mut.count,s.count,ns.count,stp.count,aa.sampled,codons.sampled
343767,343760,7,0,7,0,1,1
344622,344622,0,0,0,0,0,0
344875,344870,5,0,5,0,1,1
343492,343492,0,0,0,0,0,0
352252,352220,32,0,32,0,1,1
350651,350622,29,0,29,0,1,1
351074,351074,0,0,0,0,0,0
344156,344113,43,0,43,0,1,1
342440,342440,0,0,0,0,0,0
351251,351249,2,0,2,0,1,1
352667,352667,0,0,0,0,0,0
288618,288604,14,0,14,0,1,1
277129,277129,0,0,0,0,0,0
290263,290263,0,0,0,0,0,0
293029,293029,0,0,0,0,0,0
297010,297010,0,0,0,0,0,0
287191,287191,0,0,0,0,0,0
289115,289115,0,0,0,0,0,0
284373,284373,0,0,0,0,0,0
285231,285231,0,0,0,0,0,0
285210,285209,1,0,1,0,1,1
274927,274920,7,0,7,0,1,1
268081,268080,1,0,1,0,1,1
264723,264723,0,0,0,0,0,0
266942,266942,0,0,0,0,0,0
262920,262920,0,0,0,0,0,0
263873,263873,0,0,0,0,0,0
260742,260742,0,0,0,0,0,0
240018,240016,2,0,2,0,1,1
237366,237366,0,0,0,0,0,0
230338,230338,0,0,0,0,0,0
226110,226110,0,0,0,0,0,0
222310,222310,0,0,0,0,0,0
220703,220703,0,0,0,0,0,0
220363,220363,0,0,0,0,0,0
213770,213770,0,0,0,0,0,0
213141,213141,0,0,0,0,0,0
215345,215344,1,0,1,0,1,1
212535,212528,7,0,7,0,1,1
208396,208395,1,0,1,0,1,1
202928,202924,4,0,4,0,1,1
201828,201827,1,0,1,0,1,1
196581,196580,1,0,1,0,1,1
191433,191433,0,0,0,0,0,0
185865,185865,0,0,0,0,0,0
177986,177986,0,0,0,0,0,0
168071,168071,0,0,0,0,0,0
164847,164837,10,0,10,0,1,1
162615,162598,17,0,17,0,2,2
163135,163135,0,0,0,0,0,0
161032,161032,0,0,0,0,0,0
160645,160644,1,0,1,0,1,1
159147,159144,3,0,3,0,1,1
156355,156353,2,0,2,0,1,1
151202,151198,4,0,4,0,1,1
151520,151520,0,0,0,0,0,0
151674,151670,4,0,4,0,1,1
152127,152115,12,0,12,0,3,3
152137,152137,0,0,0,0,0,0
153483,153483,0,0,0,0,0,0
153847,153845,2,0,2,0,1,1
156498,156495,3,0,3,0,1,1
156043,156042,1,0,1,0,1,1
156948,156948,0,0,0,0,0,0
156449,156449,0,0,0,0,0,0
156165,156165,0,0,0,0,0,0
150260,150254,6,0,6,0,1,1
150810,150809,1,0,1,0,1,1
153092,153091,1,0,1,0,1,1
152951,152946,5,0,5,0,1,1
153775,153775,0,0,0,0,0,0
151725,151725,0,0,0,0,0,0
152995,152995,0,0,0,0,0,0
152960,152953,7,0,7,0,1,1
144493,144493,0,0,0,0,0,0
144405,144405,0,0,0,0,0,0
145426,145421,5,0,5,0,1,1
147959,147958,1,0,1,0,1,1
148217,148207,10,0,10,0,1,1
148753,148752,1,0,1,0,1,1
149676,149676,0,0,0,0,0,0
149893,149876,17,0,17,0,2,2
150383,150383,0,0,0,0,0,0
150117,150117,0,0,0,0,0,0
147099,147099,0,0,0,0,0,0
147879,147875,4,0,4,0,1,1
147811,147811,0,0,0,0,0,0
147589,147582,7,0,7,0,1,1
146021,146021,0,0,0,0,0,0
145884,145884,0,0,0,0,0,0
145854,145854,0,0,0,0,0,0
147210,147198,12,0,12,0,1,1
147007,147007,0,0,0,0,0,0
148729,148716,13,0,13,0,1,1
148434,148429,5,0,5,0,1,1
145633,145633,0,0,0,0,0,0
146130,146119,11,0,11,0,1,1
146677,146677,0,0,0,0,0,0
145840,145840,0,0,0,0,0,0
147222,147222,0,0,0,0,0,0
149428,149428,0,0,0,0,0,0
150994,150994,0,0,0,0,0,0
149563,149555,8,0,8,0,2,2
149960,149960,0,0,0,0,0,0
149886,149886,0,0,0,0,0,0
148227,148227,0,0,0,0,0,0
150518,150518,0,0,0,0,0,0
151567,151567,0,0,0,0,0,0
151074,151069,5,0,5,0,1,1
149224,149224,0,0,0,0,0,0
149051,149050,1,0,1,0,1,1
149391,149391,0,0,0,0,0,0
147293,147288,5,0,5,0,1,1
147262,147262,0,0,0,0,0,0
150469,150469,0,0,0,0,0,0
149727,149725,2,0,2,0,1,1
148991,148991,0,0,0,0,0,0
140805,140805,0,0,0,0,0,0
136193,136186,7,0,7,0,1,1
136993,136986,7,0,7,0,2,2
136276,136276,0,0,0,0,0,0
139002,139002,0,0,0,0,0,0
138530,138526,4,0,4,0,1,1
139008,138989,19,0,19,0,1,1
140322,140314,8,0,8,0,1,1
139244,139244,0,0,0,0,0,0
140586,140586,0,0,0,0,0,0
138615,138615,0,0,0,0,0,0
140082,140082,0,0,0,0,0,0
139734,139734,0,0,0,0,0,0
141341,141341,0,0,0,0,0,0
142350,142350,0,0,0,0,0,0
142037,142037,0,0,0,0,0,0
143130,143130,0,0,0,0,0,0
140778,140771,7,0,7,0,1,1
142168,142159,9,0,9,0,2,2
141891,141888,3,0,3,0,1,1
143878,143858,20,0,20,0,2,2
144483,144482,1,0,1,0,1,1
142997,142997,0,0,0,0,0,0
144311,144311,0,0,0,0,0,0
144847,144826,21,0,21,0,1,1
145518,145488,30,0,30,0,2,2
145743,145739,4,0,4,0,1,1
146515,146513,2,0,2,0,1,1
146445,146442,3,0,3,0,1,1
144219,144219,0,0,0,0,0,0
145749,145749,0,0,0,0,0,0
147180,147180,0,0,0,0,0,0
145890,145890,0,0,0,0,0,0
145794,145794,0,0,0,0,0,0
145523,145516,7,0,7,0,1,1
145529,145523,6,0,6,0,1,1
144499,144499,0,0,0,0,0,0
146202,146201,1,0,1,0,1,1
144679,144679,0,0,0,0,0,0
146250,146248,2,0,2,0,1,1
144625,144618,7,0,7,0,2,2
143989,143986,3,0,3,0,1,1
144218,144218,0,0,0,0,0,0
144968,144968,0,0,0,0,0,0
145087,145074,13,0,13,0,2,2
144891,144891,0,0,0,0,0,0
144983,144983,0,0,0,0,0,0
144140,144137,3,0,3,0,1,1
142635,142635,0,0,0,0,0,0
142706,142704,2,0,2,0,1,1
142749,142749,0,0,0,0,0,0
143884,143879,5,0,5,0,1,1
142290,142290,0,0,0,0,0,0
143576,143575,1,0,1,0,1,1
143263,143263,0,0,0,0,0,0
143796,143782,14,0,14,0,2,2
144228,144222,6,0,6,0,1,1
141695,141695,0,0,0,0,0,0
143145,143144,1,0,1,0,1,1
141910,141908,2,0,2,0,1,1
141167,141166,1,0,1,0,1,1
139611,139611,0,0,0,0,0,0
139660,139660,0,0,0,0,0,0
141235,141231,4,0,4,0,1,1
140968,140968,0,0,0,0,0,0
139509,139508,1,0,1,0,1,1
136750,136750,0,0,0,0,0,0
135687,135687,0,0,0,0,0,0
137368,137367,1,0,1,0,1,1
135345,135345,0,0,0,0,0,0
134310,134310,0,0,0,0,0,0
137028,137027,1,0,1,0,1,1
136082,136078,4,0,4,0,2,2
136935,136934,1,0,1,0,1,1
134576,134576,0,0,0,0,0,0
135680,135680,0,0,0,0,0,0
136114,136113,1,0,1,0,1,1
135092,135085,7,0,7,0,1,1
135114,135113,1,0,1,0,1,1
136301,136295,6,0,6,0,1,1
137677,137677,0,0,0,0,0,0
136593,136593,0,0,0,0,0,0
138381,138381,0,0,0,0,0,0
137437,137435,2,0,2,0,1,1
137479,137468,11,0,11,0,3,3
136680,136678,2,0,2,0,1,1
135957,135941,16,0,16,0,1,1
134723,134722,1,0,1,0,1,1
135773,135773,0,0,0,0,0,0
135459,135456,3,0,3,0,1,1
136016,136016,0,0,0,0,0,0
135171,135171,0,0,0,0,0,0
135354,135352,2,0,2,0,1,1
134740,134739,1,0,1,0,1,1
131928,131927,1,0,1,0,1,1
132752,132752,0,0,0,0,0,0
132870,132870,0,0,0,0,0,0
131757,131754,3,0,3,0,1,1
131396,131396,0,0,0,0,0,0
130744,130736,8,0,8,0,2,2
130270,130269,1,0,1,0,1,1
127732,127732,0,0,0,0,0,0
129617,129613,4,0,4,0,2,2
131067,131067,0,0,0,0,0,0
130996,130996,0,0,0,0,0,0
130101,130101,0,0,0,0,0,0
129792,129791,1,0,1,0,1,1
129761,129761,0,0,0,0,0,0
128500,128494,6,0,6,0,1,1
129199,129199,0,0,0,0,0,0
130007,130007,0,0,0,0,0,0
128724,128723,1,0,1,0,1,1
129573,129572,1,0,1,0,1,1
130098,130098,0,0,0,0,0,0
129529,129529,0,0,0,0,0,0
127021,127020,1,0,1,0,1,1
128963,128963,0,0,0,0,0,0
130198,130197,1,0,1,0,1,1
130996,130995,1,0,1,0,1,1
131884,131877,7,0,7,0,1,1
130958,130958,0,0,0,0,0,0
129977,129975,2,0,2,0,1,1
132116,132116,0,0,0,0,0,0
131602,131602,0,0,0,0,0,0
131940,131940,0,0,0,0,0,0
134026,134025,1,0,1,0,1,1
133516,133516,0,0,0,0,0,0
134427,134427,0,0,0,0,0,0
134161,134158,3,0,3,0,1,1
133481,133480,1,0,1,0,1,1
134351,134351,0,0,0,0,0,0
133680,133680,0,0,0,0,0,0
133072,133072,0,0,0,0,0,0
133311,133310,1,0,1,0,1,1
134383,134383,0,0,0,0,0,0
135853,135853,0,0,0,0,0,0
137054,137054,0,0,0,0,0,0
138911,138911,0,0,0,0,0,0
139305,139305,0,0,0,0,0,0
138277,138277,0,0,0,0,0,0
136761,136759,2,0,2,0,2,2
137720,137720,0,0,0,0,0,0
136615,136609,6,0,6,0,1,1
138766,138766,0,0,0,0,0,0
141708,141700,8,0,8,0,1,1
140908,140908,0,0,0,0,0,0
141537,141537,0,0,0,0,0,0
135447,135447,0,0,0,0,0,0
140069,140069,0,0,0,0,0,0
137905,137905,0,0,0,0,0,0
138968,138968,0,0,0,0,0,0
140569,140569,0,0,0,0,0,0
140800,140800,0,0,0,0,0,0
141699,141699,0,0,0,0,0,0
143139,143139,0,0,0,0,0,0
143857,143857,0,0,0,0,0,0
144448,144448,0,0,0,0,0,0
145074,145070,4,0,4,0,1,1
143751,143751,0,0,0,0,0,0
143529,143523,6,0,6,0,1,1
142811,142811,0,0,0,0,0,0
141244,141244,0,0,0,0,0,0
140412,140412,0,0,0,0,0,0
139127,139124,3,0,3,0,1,1
139491,139491,0,0,0,0,0,0
140438,140436,2,0,2,0,1,1
138800,138800,0,0,0,0,0,0
139490,139489,1,0,1,0,1,1
138795,138794,1,0,1,0,1,1
139376,139376,0,0,0,0,0,0
138251,138251,0,0,0,0,0,0
137872,137872,0,0,0,0,0,0
125832,125831,1,0,1,0,1,1
134897,134897,0,0,0,0,0,0
133750,133750,0,0,0,0,0,0
132556,132556,0,0,0,0,0,0
131827,131827,0,0,0,0,0,0
132794,132794,0,0,0,0,0,0
134485,134485,0,0,0,0,0,0
134346,134345,1,0,1,0,1,1
134672,134672,0,0,0,0,0,0
134794,134794,0,0,0,0,0,0
135892,135892,0,0,0,0,0,0
134979,134974,5,0,5,0,1,1
135067,135065,2,0,2,0,1,1
134840,134840,0,0,0,0,0,0
134060,134060,0,0,0,0,0,0
133815,133814,1,0,1,0,1,1
133284,133283,1,0,1,0,1,1
132827,132813,14,0,14,0,1,1
130297,130289,8,0,8,0,1,1
131625,131625,0,0,0,0,0,0
130309,130304,5,0,5,0,1,1
128872,128862,10,0,10,0,1,1
129805,129804,1,0,1,0,1,1
128200,128200,0,0,0,0,0,0
127611,127610,1,0,1,0,1,1
127255,127255,0,0,0,0,0,0
126240,126240,0,0,0,0,0,0
124941,124941,0,0,0,0,0,0
124412,124406,6,0,6,0,1,1
125297,125297,0,0,0,0,0,0
124059,124059,0,0,0,0,0,0
126790,126786,4,0,4,0,1,1
129448,129448,0,0,0,0,0,0
130695,130695,0,0,0,0,0,0
131194,131194,0,0,0,0,0,0
132408,132408,0,0,0,0,0,0
132317,132315,2,0,2,0,1,1
133453,133453,0,0,0,0,0,0
133349,133349,0,0,0,0,0,0
133707,133707,0,0,0,0,0,0
133580,133578,2,0,2,0,1,1
133832,133832,0,0,0,0,0,0
132059,132053,6,0,6,0,2,2
132178,132170,8,0,8,0,3,3
133080,133079,1,0,1,0,1,1
132139,132139,0,0,0,0,0,0
133833,133833,0,0,0,0,0,0
134386,134386,0,0,0,0,0,0
133979,133979,0,0,0,0,0,0
132395,132394,1,0,1,0,1,1
131854,131854,0,0,0,0,0,0
130382,130382,0,0,0,0,0,0
128903,128903,0,0,0,0,0,0
131582,131582,0,0,0,0,0,0
132794,132784,10,0,10,0,1,1
128454,128454,0,0,0,0,0,0
131072,131065,7,0,7,0,1,1
132744,132740,4,0,4,0,1,1
132293,132293,0,0,0,0,0,0
131760,131760,0,0,0,0,0,0
132327,132327,0,0,0,0,0,0
132977,132977,0,0,0,0,0,0
132873,132862,11,0,11,0,2,2
132615,132615,0,0,0,0,0,0
133094,133087,7,0,7,0,1,1
132718,132718,0,0,0,0,0,0
133157,133157,0,0,0,0,0,0
131474,131474,0,0,0,0,0,0
131263,131262,1,0,1,0,1,1
128248,128246,2,0,2,0,1,1
128167,128167,0,0,0,0,0,0
125732,125730,2,0,2,0,1,1
125075,125075,0,0,0,0,0,0
126545,126539,6,0,6,0,1,1
125770,125770,0,0,0,0,0,0
125588,125588,0,0,0,0,0,0
124543,124539,4,0,4,0,1,1
125480,125480,0,0,0,0,0,0
125937,125937,0,0,0,0,0,0
125672,125668,4,0,4,0,1,1
125524,125524,0,0,0,0,0,0
124417,124398,19,0,19,0,1,1
125274,125274,0,0,0,0,0,0
126750,126749,1,0,1,0,1,1
127577,127577,0,0,0,0,0,0
128675,128672,3,0,3,0,1,1
129313,129313,0,0,0,0,0,0
129344,129342,2,0,2,0,1,1
129816,129804,12,0,12,0,1,1
132420,132418,2,0,2,0,1,1
133554,133552,2,0,2,0,1,1
132952,132952,0,0,0,0,0,0
133066,133054,12,0,12,0,1,1
131681,131673,8,0,8,0,1,1
131750,131745,5,0,5,0,1,1
132168,132168,0,0,0,0,0,0
131767,131757,10,0,10,0,1,1
133187,133186,1,0,1,0,1,1
133916,133914,2,0,2,0,1,1
132719,132719,0,0,0,0,0,0
131676,131676,0,0,0,0,0,0
131205,131205,0,0,0,0,0,0
132585,132584,1,0,1,0,1,1
129901,129901,0,0,0,0,0,0
130913,130913,0,0,0,0,0,0
130966,130966,0,0,0,0,0,0
131243,131243,0,0,0,0,0,0
133096,133089,7,0,7,0,1,1
133694,133694,0,0,0,0,0,0
134993,134993,0,0,0,0,0,0
135766,135764,2,0,2,0,1,1
136369,136363,6,0,6,0,1,1
135455,135455,0,0,0,0,0,0
134654,134645,9,0,9,0,1,1
133775,133771,4,0,4,0,1,1
136160,136157,3,0,3,0,1,1
136081,136081,0,0,0,0,0,0
135440,135440,0,0,0,0,0,0
135424,135424,0,0,0,0,0,0
137042,137037,5,0,5,0,1,1
132931,132931,0,0,0,0,0,0
135875,135875,0,0,0,0,0,0
133037,133037,0,0,0,0,0,0
133268,133268,0,0,0,0,0,0
132554,132554,0,0,0,0,0,0
130174,130174,0,0,0,0,0,0
131752,131751,1,0,1,0,1,1
132700,132700,0,0,0,0,0,0
132519,132519,0,0,0,0,0,0
132468,132466,2,0,2,0,1,1
132725,132725,0,0,0,0,0,0
132310,132310,0,0,0,0,0,0
131264,131236,28,0,28,0,1,1
132598,132598,0,0,0,0,0,0
132880,132880,0,0,0,0,0,0
133873,133873,0,0,0,0,0,0
134198,134198,0,0,0,0,0,0
134295,134295,0,0,0,0,0,0
133757,133757,0,0,0,0,0,0
132412,132412,0,0,0,0,0,0
133769,133769,0,0,0,0,0,0
135094,135093,1,0,1,0,1,1
134357,134357,0,0,0,0,0,0
132200,132200,0,0,0,0,0,0
131752,131747,5,0,5,0,1,1
133366,133358,8,0,8,0,1,1
130821,130811,10,0,10,0,2,2
129659,129658,1,0,1,0,1,1
132001,132001,0,0,0,0,0,0
132773,132773,0,0,0,0,0,0
132139,132139,0,0,0,0,0,0
130394,130393,1,0,1,0,1,1
131609,131603,6,0,6,0,1,1
131363,131363,0,0,0,0,0,0
130607,130599,8,0,8,0,1,1
134151,134151,0,0,0,0,0,0
134840,134840,0,0,0,0,0,0
134263,134263,0,0,0,0,0,0
134670,134665,5,0,5,0,1,1
133734,133728,6,0,6,0,1,1
134329,134318,11,0,11,0,1,1
134297,134279,18,0,18,0,1,1
137201,137201,0,0,0,0,0,0
135899,135895,4,0,4,0,1,1
137891,137891,0,0,0,0,0,0
135991,135988,3,0,3,0,1,1
136004,136004,0,0,0,0,0,0
135610,135610,0,0,0,0,0,0
136419,136411,8,0,8,0,1,1
137287,137287,0,0,0,0,0,0
135280,135280,0,0,0,0,0,0
135304,135304,0,0,0,0,0,0
134724,134719,5,0,5,0,1,1
137009,137005,4,0,4,0,1,1
138170,138170,0,0,0,0,0,0
137675,137675,0,0,0,0,0,0
136926,136926,0,0,0,0,0,0
135560,135552,8,0,8,0,1,1
136379,136373,6,0,6,0,1,1
135051,135051,0,0,0,0,0,0
134946,134946,0,0,0,0,0,0
139408,139390,18,0,18,0,2,2
138098,138098,0,0,0,0,0,0
136365,136361,4,0,4,0,1,1
137765,137763,2,0,2,0,1,1
138831,138827,4,0,4,0,2,2
137459,137459,0,0,0,0,0,0
139029,139028,1,0,1,0,1,1
138755,138751,4,0,4,0,1,1
139153,139153,0,0,0,0,0,0
137037,137034,3,0,3,0,1,1
136829,136829,0,0,0,0,0,0
137687,137669,18,0,18,0,2,2
138538,138526,12,0,12,0,1,1
138207,138205,2,0,2,0,1,1
138065,138065,0,0,0,0,0,0
137918,137918,0,0,0,0,0,0
138554,138554,0,0,0,0,0,0
138856,138856,0,0,0,0,0,0
138788,138781,7,0,7,0,2,2
137141,137140,1,0,1,0,1,1
136911,136908,3,0,3,0,1,1
135800,135800,0,0,0,0,0,0
134818,134809,9,0,9,0,1,1
132697,132697,0,0,0,0,0,0
133699,133692,7,0,7,0,1,1
132234,132234,0,0,0,0,0,0
131513,131512,1,0,1,0,1,1
131406,131406,0,0,0,0,0,0
127999,127999,0,0,0,0,0,0
128970,128970,0,0,0,0,0,0
131342,131342,0,0,0,0,0,0
131660,131653,7,0,7,0,1,1
130524,130524,0,0,0,0,0,0
130031,130030,1,0,1,0,1,1
130444,130443,1,0,1,0,1,1
130842,130842,0,0,0,0,0,0
131660,131655,5,0,5,0,1,1
132757,132757,0,0,0,0,0,0
131201,131200,1,0,1,0,1,1
131538,131538,0,0,0,0,0,0
133719,133715,4,0,4,0,1,1
135578,135578,0,0,0,0,0,0
138235,138230,5,0,5,0,1,1
139775,139775,0,0,0,0,0,0
139760,139760,0,0,0,0,0,0
137976,137976,0,0,0,0,0,0
137213,137213,0,0,0,0,0,0
136890,136890,0,0,0,0,0,0
135701,135698,3,0,3,0,1,1
136533,136531,2,0,2,0,1,1
135332,135332,0,0,0,0,0,0
133586,133586,0,0,0,0,0,0
133605,133605,0,0,0,0,0,0
132208,132208,0,0,0,0,0,0
131928,131928,0,0,0,0,0,0
133258,133253,5,0,5,0,1,1
133887,133887,0,0,0,0,0,0
133948,133945,3,0,3,0,2,2
133214,133205,9,0,9,0,1,1
132407,132407,0,0,0,0,0,0
132052,132050,2,0,2,0,1,1
134004,134001,3,0,3,0,1,1
133950,133941,9,0,9,0,1,1
133657,133657,0,0,0,0,0,0
132515,132515,0,0,0,0,0,0
133731,133730,1,0,1,0,1,1
132991,132991,0,0,0,0,0,0
132605,132597,8,0,8,0,1,1
132473,132473,0,0,0,0,0,0
131484,131484,0,0,0,0,0,0
131083,131081,2,0,2,0,1,1
130432,130432,0,0,0,0,0,0
131057,131057,0,0,0,0,0,0
128909,128905,4,0,4,0,1,1
128112,128112,0,0,0,0,0,0
128007,128005,2,0,2,0,1,1
127013,127013,0,0,0,0,0,0
125921,125921,0,0,0,0,0,0
125652,125648,4,0,4,0,1,1
124585,124585,0,0,0,0,0,0
120868,120868,0,0,0,0,0,0
121225,121225,0,0,0,0,0,0
121321,121313,8,0,8,0,2,2
121120,121120,0,0,0,0,0,0
123286,123286,0,0,0,0,0,0
131961,131958,3,0,3,0,1,1
140467,140467,0,0,0,0,0,0
140529,140524,5,0,5,0,1,1
141192,141189,3,0,3,0,1,1
141547,141545,2,0,2,0,1,1
141227,141227,0,0,0,0,0,0
143114,143113,1,0,1,0,1,1
143199,143198,1,0,1,0,1,1
143930,143930,0,0,0,0,0,0
144059,144059,0,0,0,0,0,0
146639,146639,0,0,0,0,0,0
146868,146826,42,0,42,0,1,1
147998,147985,13,0,13,0,1,1
152006,152002,4,0,4,0,1,1
153431,153431,0,0,0,0,0,0
152824,152824,0,0,0,0,0,0
152491,152490,1,0,1,0,1,1
154340,154340,0,0,0,0,0,0
154571,154568,3,0,3,0,1,1
154693,154691,2,0,2,0,1,1
155040,155040,0,0,0,0,0,0
155760,155750,10,0,10,0,3,3
155171,155168,3,0,3,0,1,1
156023,156023,0,0,0,0,0,0
155432,155432,0,0,0,0,0,0
154649,154646,3,0,3,0,1,1
154146,154144,2,0,2,0,1,1
154380,154372,8,0,8,0,1,1
155905,155905,0,0,0,0,0,0
157312,157287,25,0,25,0,2,2
158577,158576,1,0,1,0,1,1
155652,155650,2,0,2,0,1,1
154029,154029,0,0,0,0,0,0
154413,154413,0,0,0,0,0,0
150508,150508,0,0,0,0,0,0
153188,153186,2,0,2,0,1,1
152754,152731,23,0,23,0,2,2
152585,152585,0,0,0,0,0,0
148495,148495,0,0,0,0,0,0
147390,147383,7,0,7,0,1,1
148638,148638,0,0,0,0,0,0
145651,145650,1,0,1,0,1,1
144687,144687,0,0,0,0,0,0
145229,145228,1,0,1,0,1,1
147427,147427,0,0,0,0,0,0
146972,146972,0,0,0,0,0,0
152501,152501,0,0,0,0,0,0
154847,154847,0,0,0,0,0,0
154451,154450,1,0,1,0,1,1
154534,154534,0,0,0,0,0,0
156213,156213,0,0,0,0,0,0
157459,157459,0,0,0,0,0,0
158201,158196,5,0,5,0,1,1
158582,158580,2,0,2,0,1,1
160530,160529,1,0,1,0,1,1
162093,162089,4,0,4,0,1,1
163106,163104,2,0,2,0,1,1
163037,163032,5,0,5,0,1,1
164630,164628,2,0,2,0,1,1
164856,164837,19,0,19,0,2,2
165888,165888,0,0,0,0,0,0
167124,167124,0,0,0,0,0,0
167745,167729,16,0,16,0,1,1
169025,169025,0,0,0,0,0,0
170820,170819,1,0,1,0,1,1
171301,171293,8,0,8,0,1,1
169404,169403,1,0,1,0,1,1
171025,171022,3,0,3,0,1,1
170947,170940,7,0,7,0,1,1
171531,171529,2,0,2,0,1,1
171994,171992,2,0,2,0,1,1
174999,174987,12,0,12,0,3,3
185364,185363,1,0,1,0,1,1
185607,185605,2,0,2,0,1,1
186784,186784,0,0,0,0,0,0
190611,190568,43,0,43,0,2,2
191315,191308,7,0,7,0,1,1
193479,193478,1,0,1,0,1,1
191766,191766,0,0,0,0,0,0
194193,194193,0,0,0,0,0,0
193402,193402,0,0,0,0,0,0
192621,192617,4,0,4,0,1,1
193212,193208,4,0,4,0,1,1
192951,192940,11,0,11,0,1,1
192861,192859,2,0,2,0,1,1
190855,190855,0,0,0,0,0,0
190142,190141,1,0,1,0,1,1
188963,188963,0,0,0,0,0,0
188532,188532,0,0,0,0,0,0
190212,190200,12,0,12,0,1,1
190607,190607,0,0,0,0,0,0
186621,186614,7,0,7,0,1,1
192177,192175,2,0,2,0,1,1
191003,191003,0,0,0,0,0,0
190796,190796,0,0,0,0,0,0
189622,189612,10,0,10,0,1,1
190478,190478,0,0,0,0,0,0
189180,189180,0,0,0,0,0,0
190108,190103,5,0,5,0,1,1
188920,188920,0,0,0,0,0,0
188039,188039,0,0,0,0,0,0
187927,187921,6,0,6,0,1,1
189690,189690,0,0,0,0,0,0
188407,188407,0,0,0,0,0,0
188629,188612,17,0,17,0,1,1
192775,192754,21,0,21,0,1,1
191664,191660,4,0,4,0,1,1
190856,190848,8,0,8,0,1,1
195451,195451,0,0,0,0,0,0
197416,197416,0,0,0,0,0,0
194951,194951,0,0,0,0,0,0
194446,194444,2,0,2,0,1,1
194227,194210,17,0,17,0,1,1
192805,192805,0,0,0,0,0,0
202000,201999,1,0,1,0,1,1
202808,202808,0,0,0,0,0,0
203967,203967,0,0,0,0,0,0
203229,203226,3,0,3,0,2,2
201370,201363,7,0,7,0,1,1
199694,199694,0,0,0,0,0,0
199709,199709,0,0,0,0,0,0
199899,199884,15,0,15,0,1,1
211726,211726,0,0,0,0,0,0
209972,209972,0,0,0,0,0,0
209971,209971,0,0,0,0,0,0
212880,212880,0,0,0,0,0,0
209995,209995,0,0,0,0,0,0
210024,210024,0,0,0,0,0,0
209197,209196,1,0,1,0,1,1
209663,209656,7,0,7,0,2,2
207104,207104,0,0,0,0,0,0
206053,206053,0,0,0,0,0,0
206799,206798,1,0,1,0,1,1
203923,203923,0,0,0,0,0,0
204120,204119,1,0,1,0,1,1
199891,199889,2,0,2,0,1,1
201327,201327,0,0,0,0,0,0
197606,197606,0,0,0,0,0,0
197969,197969,0,0,0,0,0,0
197279,197279,0,0,0,0,0,0
196176,196168,8,0,8,0,1,1
195305,195292,13,0,13,0,1,1
197224,197220,4,0,4,0,1,1
197320,197320,0,0,0,0,0,0
197316,197315,1,0,1,0,1,1
196809,196792,17,0,17,0,1,1
197302,197302,0,0,0,0,0,0
200231,200216,15,0,15,0,2,2
200811,200807,4,0,4,0,1,1
206596,206595,1,0,1,0,1,1
207310,207280,30,0,30,0,1,1
208023,208013,10,0,10,0,1,1
210891,210885,6,0,6,0,1,1
209647,209647,0,0,0,0,0,0
209853,209850,3,0,3,0,1,1
212215,212215,0,0,0,0,0,0
213819,213807,12,0,12,0,1,1
214580,214580,0,0,0,0,0,0
217653,217645,8,0,8,0,2,2
224334,224333,1,0,1,0,1,1
243714,243714,0,0,0,0,0,0
291469,291460,9,0,9,0,1,1
304050,304047,3,0,3,0,1,1
308063,308063,0,0,0,0,0,0
316136,316133,3,0,3,0,1,1
331999,331998,1,0,1,0,1,1
338454,338440,14,0,14,0,1,1
348197,348144,53,0,53,0,1,1
363703,363703,0,0,0,0,0,0
370205,370205,0,0,0,0,0,0
375299,375289,10,0,10,0,1,1
379048,379045,3,0,3,0,1,1
383422,383422,0,0,0,0,0,0
398686,398664,22,0,22,0,1,1
405944,405944,0,0,0,0,0,0
407695,407674,21,0,21,0,2,2
413648,413644,4,0,4,0,1,1
419335,419335,0,0,0,0,0,0
423996,423972,24,0,24,0,1,1
427969,427965,4,0,4,0,1,1
430125,430112,13,0,13,0,1,1
436769,436755,14,0,14,0,1,1
446303,446303,0,0,0,0,0,0
448557,448555,2,0,2,0,1,1
451110,451107,3,0,3,0,1,1
457743,457743,0,0,0,0,0,0
462167,462166,1,0,1,0,1,1
468647,468647,0,0,0,0,0,0
468913,468906,7,0,7,0,1,1
472958,472956,2,0,2,0,1,1
475275,475274,1,0,1,0,1,1
468465,468465,0,0,0,0,0,0
437966,437963,3,0,3,0,1,1
434014,434014,0,0,0,0,0,0
445388,445388,0,0,0,0,0,0
441970,441970,0,0,0,0,0,0
441245,441245,0,0,0,0,0,0
443629,443618,11,0,11,0,1,1
439185,439140,45,0,45,0,3,3
565513,565513,0,0,0,0,0,0
563171,563171,0,0,0,0,0,0
556503,556503,0,0,0,0,0,0
563277,563277,0,0,0,0,0,0
560008,560008,0,0,0,0,0,0
573900,573900,0,0,0,0,0,0
560620,560620,0,0,0,0,0,0
565931,565930,1,0,1,0,1,1
563127,563127,0,0,0,0,0,0
565069,564998,71,0,71,0,2,2
552928,552900,28,0,28,0,2,2
569028,569006,22,0,22,0,1,1
562424,562391,33,0,33,0,3,3
559842,559836,6,0,6,0,1,1
556449,556449,0,0,0,0,0,0
562685,562685,0,0,0,0,0,0
