coverage,wt.counts,mut.count,s.count,ns.count,stp.count,aa.sampled,codons.sampled
178494,178494,0,0,0,0,0,0
178854,178854,0,0,0,0,0,0
176852,176849,3,0,3,0,1,1
175604,175604,0,0,0,0,0,0
181363,181333,30,0,30,0,1,1
179152,179141,11,0,11,0,1,1
178463,178463,0,0,0,0,0,0
177908,177876,32,0,32,0,1,1
176062,176062,0,0,0,0,0,0
181599,181597,2,0,2,0,1,1
182840,182840,0,0,0,0,0,0
163709,163705,4,0,4,0,1,1
158204,158204,0,0,0,0,0,0
166243,166243,0,0,0,0,0,0
168267,168267,0,0,0,0,0,0
171181,171181,0,0,0,0,0,0
171758,171758,0,0,0,0,0,0
173200,173200,0,0,0,0,0,0
172478,172478,0,0,0,0,0,0
175570,175570,0,0,0,0,0,0
174378,174372,6,0,6,0,1,1
172873,172868,5,0,5,0,1,1
169618,169610,8,0,8,0,1,1
167244,167244,0,0,0,0,0,0
168746,168746,0,0,0,0,0,0
165867,165867,0,0,0,0,0,0
167472,167472,0,0,0,0,0,0
165887,165887,0,0,0,0,0,0
165577,165577,0,0,0,0,0,0
164603,164603,0,0,0,0,0,0
162656,162656,0,0,0,0,0,0
163656,163656,0,0,0,0,0,0
161289,161289,0,0,0,0,0,0
159025,159025,0,0,0,0,0,0
159007,159007,0,0,0,0,0,0
153720,153717,3,0,3,0,1,1
152175,152175,0,0,0,0,0,0
153755,153755,0,0,0,0,0,0
151796,151788,8,0,8,0,1,1
148787,148786,1,0,1,0,1,1
145183,145180,3,0,3,0,1,1
143995,143993,2,0,2,0,1,1
139306,139306,0,0,0,0,0,0
135247,135247,0,0,0,0,0,0
130897,130897,0,0,0,0,0,0
126352,126351,1,0,1,0,1,1
118398,118398,0,0,0,0,0,0
116360,116345,15,0,15,0,1,1
114836,114822,14,0,14,0,2,2
115473,115471,2,0,2,0,1,1
114363,114363,0,0,0,0,0,0
114265,114264,1,0,1,0,1,1
113446,113445,1,0,1,0,1,1
111778,111778,0,0,0,0,0,0
109139,109130,9,0,9,0,1,1
109702,109702,0,0,0,0,0,0
111189,111185,4,0,4,0,1,1
111938,111930,8,0,8,0,1,1
112688,112688,0,0,0,0,0,0
114052,114052,0,0,0,0,0,0
114996,114987,9,0,9,0,1,1
117323,117321,2,0,2,0,1,1
117849,117846,3,0,3,0,1,1
119849,119849,0,0,0,0,0,0
122055,122055,0,0,0,0,0,0
122809,122809,0,0,0,0,0,0
125056,125054,2,0,2,0,1,1
126457,126454,3,0,3,0,1,1
128717,128716,1,0,1,0,1,1
129366,129364,2,0,2,0,1,1
130619,130619,0,0,0,0,0,0
130951,130951,0,0,0,0,0,0
132281,132281,0,0,0,0,0,0
132809,132793,16,0,16,0,2,2
133376,133376,0,0,0,0,0,0
133467,133467,0,0,0,0,0,0
134393,134390,3,0,3,0,1,1
137359,137358,1,0,1,0,1,1
137434,137430,4,0,4,0,1,1
138287,138287,0,0,0,0,0,0
139315,139315,0,0,0,0,0,0
139408,139387,21,0,21,0,2,2
139911,139911,0,0,0,0,0,0
140180,140180,0,0,0,0,0,0
137173,137173,0,0,0,0,0,0
137638,137632,6,0,6,0,1,1
137625,137625,0,0,0,0,0,0
137109,137103,6,0,6,0,1,1
135338,135338,0,0,0,0,0,0
135232,135231,1,0,1,0,1,1
135353,135351,2,0,2,0,2,2
136823,136801,22,0,22,0,1,1
136614,136614,0,0,0,0,0,0
138282,138266,16,0,16,0,1,1
137996,137980,16,0,16,0,1,1
134822,134822,0,0,0,0,0,0
135137,135130,7,0,7,0,2,2
135402,135402,0,0,0,0,0,0
134001,134001,0,0,0,0,0,0
135284,135284,0,0,0,0,0,0
137982,137982,0,0,0,0,0,0
139256,139256,0,0,0,0,0,0
138056,138048,8,0,8,0,1,1
139392,139392,0,0,0,0,0,0
139350,139350,0,0,0,0,0,0
138384,138384,0,0,0,0,0,0
141033,141033,0,0,0,0,0,0
141924,141924,0,0,0,0,0,0
141734,141731,3,0,3,0,1,1
141623,141623,0,0,0,0,0,0
142766,142766,0,0,0,0,0,0
143490,143488,2,0,2,0,1,1
142226,142220,6,0,6,0,1,1
143001,143001,0,0,0,0,0,0
146996,146996,0,0,0,0,0,0
146986,146981,5,0,5,0,1,1
146712,146712,0,0,0,0,0,0
146930,146930,0,0,0,0,0,0
149483,149472,11,0,11,0,1,1
149893,149888,5,0,5,0,2,2
149152,149152,0,0,0,0,0,0
151653,151653,0,0,0,0,0,0
151140,151138,2,0,2,0,1,1
151093,151089,4,0,4,0,1,1
152531,152521,10,0,10,0,1,1
151209,151209,0,0,0,0,0,0
153019,153019,0,0,0,0,0,0
150428,150428,0,0,0,0,0,0
152103,152103,0,0,0,0,0,0
151360,151354,6,0,6,0,1,1
153394,153394,0,0,0,0,0,0
154301,154301,0,0,0,0,0,0
154095,154095,0,0,0,0,0,0
155422,155422,0,0,0,0,0,0
153057,153039,18,0,18,0,1,1
154531,154516,15,0,15,0,1,1
154407,154406,1,0,1,0,1,1
156585,156570,15,0,15,0,2,2
157541,157541,0,0,0,0,0,0
156068,156068,0,0,0,0,0,0
157845,157845,0,0,0,0,0,0
158450,158420,30,0,30,0,1,1
159553,159501,52,0,52,0,2,2
159717,159717,0,0,0,0,0,0
160280,160261,19,0,19,0,1,1
160532,160529,3,0,3,0,1,1
158558,158558,0,0,0,0,0,0
160377,160377,0,0,0,0,0,0
161597,161597,0,0,0,0,0,0
160392,160392,0,0,0,0,0,0
160689,160689,0,0,0,0,0,0
160952,160931,21,0,21,0,1,1
161012,161001,11,0,11,0,1,1
160184,160184,0,0,0,0,0,0
161834,161832,2,0,2,0,1,1
160784,160784,0,0,0,0,0,0
162379,162378,1,0,1,0,1,1
160786,160775,11,0,11,0,2,2
160411,160402,9,0,9,0,1,1
160670,160670,0,0,0,0,0,0
161778,161778,0,0,0,0,0,0
162088,162059,29,0,29,0,2,2
161555,161555,0,0,0,0,0,0
161853,161852,1,0,1,0,1,1
160900,160893,7,0,7,0,1,1
159113,159113,0,0,0,0,0,0
159155,159151,4,0,4,0,1,1
159150,159150,0,0,0,0,0,0
160490,160479,11,0,11,0,1,1
158402,158402,0,0,0,0,0,0
160071,160070,1,0,1,0,1,1
159625,159625,0,0,0,0,0,0
160057,160026,31,0,31,0,3,3
160494,160472,22,0,22,0,1,1
157959,157953,6,0,6,0,1,1
159387,159385,2,0,2,0,1,1
158066,158062,4,0,4,0,1,1
157507,157507,0,0,0,0,0,0
155749,155749,0,0,0,0,0,0
155713,155713,0,0,0,0,0,0
157704,157693,11,0,11,0,1,1
156983,156983,0,0,0,0,0,0
155374,155368,6,0,6,0,1,1
152250,152250,0,0,0,0,0,0
151095,151083,12,0,12,0,2,2
153275,153272,3,0,3,0,1,1
151013,151013,0,0,0,0,0,0
149625,149625,0,0,0,0,0,0
152510,152508,2,0,2,0,1,1
151478,151475,3,0,3,0,1,1
152743,152737,6,0,6,0,1,1
150054,150054,0,0,0,0,0,0
151256,151256,0,0,0,0,0,0
151962,151962,0,0,0,0,0,0
151338,151338,0,0,0,0,0,0
151286,151281,5,0,5,0,1,1
152670,152661,9,0,9,0,1,1
154602,154602,0,0,0,0,0,0
153490,153490,0,0,0,0,0,0
155583,155583,0,0,0,0,0,0
154446,154442,4,0,4,0,1,1
154568,154552,16,0,16,0,2,2
153759,153755,4,0,4,0,1,1
153560,153537,23,0,23,0,1,1
152139,152135,4,0,4,0,1,1
153375,153374,1,0,1,0,1,1
152808,152807,1,0,1,0,1,1
152902,152902,0,0,0,0,0,0
153105,153105,0,0,0,0,0,0
153334,153331,3,0,3,0,1,1
152769,152769,0,0,0,0,0,0
149679,149679,0,0,0,0,0,0
150560,150560,0,0,0,0,0,0
150712,150712,0,0,0,0,0,0
149522,149517,5,0,5,0,1,1
149352,149352,0,0,0,0,0,0
148568,148562,6,0,6,0,1,1
147991,147991,0,0,0,0,0,0
145488,145488,0,0,0,0,0,0
147173,147166,7,0,7,0,1,1
148841,148841,0,0,0,0,0,0
148789,148789,0,0,0,0,0,0
147872,147869,3,0,3,0,2,2
146947,146947,0,0,0,0,0,0
147279,147279,0,0,0,0,0,0
145901,145898,3,0,3,0,1,1
147206,147206,0,0,0,0,0,0
148757,148757,0,0,0,0,0,0
147491,147491,0,0,0,0,0,0
148680,148680,0,0,0,0,0,0
149373,149373,0,0,0,0,0,0
149368,149368,0,0,0,0,0,0
149791,149789,2,0,2,0,1,1
151843,151843,0,0,0,0,0,0
153250,153250,0,0,0,0,0,0
154373,154372,1,0,1,0,1,1
155659,155651,8,0,8,0,1,1
154480,154479,1,0,1,0,1,1
153790,153789,1,0,1,0,1,1
155863,155863,0,0,0,0,0,0
155557,155557,0,0,0,0,0,0
155932,155932,0,0,0,0,0,0
157105,157105,0,0,0,0,0,0
156662,156662,0,0,0,0,0,0
157699,157699,0,0,0,0,0,0
157745,157738,7,0,7,0,1,1
157081,157081,0,0,0,0,0,0
157876,157876,0,0,0,0,0,0
157449,157449,0,0,0,0,0,0
156552,156552,0,0,0,0,0,0
156900,156900,0,0,0,0,0,0
158538,158538,0,0,0,0,0,0
160588,160588,0,0,0,0,0,0
161687,161687,0,0,0,0,0,0
164297,164297,0,0,0,0,0,0
164824,164824,0,0,0,0,0,0
163583,163583,0,0,0,0,0,0
156726,156724,2,0,2,0,2,2
162989,162989,0,0,0,0,0,0
162168,162144,24,0,24,0,1,1
164494,164494,0,0,0,0,0,0
167665,167657,8,0,8,0,2,2
166771,166771,0,0,0,0,0,0
167834,167833,1,0,1,0,1,1
160501,160501,0,0,0,0,0,0
165888,165888,0,0,0,0,0,0
164172,164172,0,0,0,0,0,0
164879,164879,0,0,0,0,0,0
166433,166433,0,0,0,0,0,0
167065,167065,0,0,0,0,0,0
168046,168044,2,0,2,0,1,1
169762,169760,2,0,2,0,1,1
170337,170337,0,0,0,0,0,0
171064,171064,0,0,0,0,0,0
171787,171779,8,0,8,0,1,1
169982,169982,0,0,0,0,0,0
169659,169651,8,0,8,0,1,1
168850,168850,0,0,0,0,0,0
166856,166856,0,0,0,0,0,0
165829,165829,0,0,0,0,0,0
164432,164431,1,0,1,0,1,1
164896,164896,0,0,0,0,0,0
165903,165897,6,0,6,0,1,1
164477,164477,0,0,0,0,0,0
165168,165165,3,0,3,0,1,1
164523,164522,1,0,1,0,1,1
165252,165252,0,0,0,0,0,0
164055,164055,0,0,0,0,0,0
163815,163815,0,0,0,0,0,0
150795,150792,3,0,3,0,1,1
160414,160414,0,0,0,0,0,0
159301,159301,0,0,0,0,0,0
158011,158011,0,0,0,0,0,0
157154,157154,0,0,0,0,0,0
158322,158322,0,0,0,0,0,0
160391,160391,0,0,0,0,0,0
160105,160105,0,0,0,0,0,0
160604,160604,0,0,0,0,0,0
161042,161042,0,0,0,0,0,0
162396,162395,1,0,1,0,1,1
161200,161198,2,0,2,0,2,2
160961,160953,8,0,8,0,1,1
160690,160690,0,0,0,0,0,0
159252,159252,0,0,0,0,0,0
159333,159328,5,0,5,0,1,1
158299,158296,3,0,3,0,1,1
158020,158020,0,0,0,0,0,0
155436,155436,0,0,0,0,0,0
157214,157214,0,0,0,0,0,0
155880,155874,6,0,6,0,1,1
154160,154122,38,0,38,0,2,2
154992,154989,3,0,3,0,1,1
153056,153056,0,0,0,0,0,0
152697,152696,1,0,1,0,1,1
152237,152237,0,0,0,0,0,0
150752,150752,0,0,0,0,0,0
149222,149222,0,0,0,0,0,0
148151,148143,8,0,8,0,2,2
149676,149676,0,0,0,0,0,0
147798,147798,0,0,0,0,0,0
150560,150545,15,0,15,0,1,1
153679,153679,0,0,0,0,0,0
153830,153830,0,0,0,0,0,0
154464,154464,0,0,0,0,0,0
155572,155569,3,0,3,0,1,1
154442,154441,1,0,1,0,1,1
155606,155606,0,0,0,0,0,0
155612,155612,0,0,0,0,0,0
155816,155816,0,0,0,0,0,0
155336,155331,5,0,5,0,1,1
155632,155632,0,0,0,0,0,0
153809,153805,4,0,4,0,1,1
153874,153862,12,0,12,0,3,3
154522,154520,2,0,2,0,1,1
153527,153527,0,0,0,0,0,0
155881,155881,0,0,0,0,0,0
156070,156070,0,0,0,0,0,0
155637,155637,0,0,0,0,0,0
153575,153568,7,0,7,0,1,1
153060,153060,0,0,0,0,0,0
151570,151570,0,0,0,0,0,0
150217,150217,0,0,0,0,0,0
153243,153241,2,0,2,0,1,1
154832,154810,22,0,22,0,1,1
150338,150337,1,0,1,0,1,1
153042,153034,8,0,8,0,1,1
154917,154914,3,0,3,0,1,1
154509,154509,0,0,0,0,0,0
154068,154068,0,0,0,0,0,0
154997,154997,0,0,0,0,0,0
155639,155639,0,0,0,0,0,0
155729,155705,24,0,24,0,2,2
155626,155626,0,0,0,0,0,0
156009,155991,18,0,18,0,1,1
155509,155509,0,0,0,0,0,0
155982,155982,0,0,0,0,0,0
153922,153922,0,0,0,0,0,0
153381,153381,0,0,0,0,0,0
149843,149827,16,0,16,0,2,2
149420,149420,0,0,0,0,0,0
146930,146928,2,0,2,0,1,1
146126,146126,0,0,0,0,0,0
147633,147629,4,0,4,0,1,1
146702,146702,0,0,0,0,0,0
146674,146674,0,0,0,0,0,0
145292,145281,11,0,11,0,1,1
146374,146374,0,0,0,0,0,0
147030,147030,0,0,0,0,0,0
147128,147124,4,0,4,0,1,1
147040,147040,0,0,0,0,0,0
145931,145889,42,0,42,0,1,1
146696,146696,0,0,0,0,0,0
148621,148621,0,0,0,0,0,0
149844,149844,0,0,0,0,0,0
151655,151655,0,0,0,0,0,0
152568,152568,0,0,0,0,0,0
153256,153247,9,0,9,0,1,1
154042,154028,14,0,14,0,1,1
157345,157339,6,0,6,0,1,1
159156,159156,0,0,0,0,0,0
158624,158623,1,0,1,0,1,1
159066,159048,18,0,18,0,1,1
157486,157461,25,0,25,0,1,1
157572,157566,6,0,6,0,1,1
158355,158355,0,0,0,0,0,0
157931,157909,22,0,22,0,1,1
159332,159329,3,0,3,0,1,1
160354,160347,7,0,7,0,1,1
159441,159441,0,0,0,0,0,0
157831,157831,0,0,0,0,0,0
157188,157188,0,0,0,0,0,0
159082,159081,1,0,1,0,1,1
156156,156156,0,0,0,0,0,0
157174,157174,0,0,0,0,0,0
157164,157164,0,0,0,0,0,0
157709,157709,0,0,0,0,0,0
159698,159694,4,0,4,0,1,1
160492,160492,0,0,0,0,0,0
161978,161978,0,0,0,0,0,0
162684,162684,0,0,0,0,0,0
163427,163426,1,0,1,0,1,1
163112,163112,0,0,0,0,0,0
161893,161874,19,0,19,0,1,1
160686,160682,4,0,4,0,1,1
163417,163403,14,0,14,0,1,1
163529,163528,1,0,1,0,1,1
163047,163046,1,0,1,0,1,1
163053,163053,0,0,0,0,0,0
165103,165071,32,0,32,0,2,2
159591,159591,0,0,0,0,0,0
163158,163158,0,0,0,0,0,0
160698,160698,0,0,0,0,0,0
160555,160555,0,0,0,0,0,0
159981,159981,0,0,0,0,0,0
157097,157097,0,0,0,0,0,0
158754,158753,1,0,1,0,1,1
160294,160294,0,0,0,0,0,0
160236,160236,0,0,0,0,0,0
160456,160456,0,0,0,0,0,0
160492,160492,0,0,0,0,0,0
159664,159664,0,0,0,0,0,0
158527,158501,26,0,26,0,1,1
160140,160140,0,0,0,0,0,0
160219,160219,0,0,0,0,0,0
161234,161234,0,0,0,0,0,0
161446,161446,0,0,0,0,0,0
161668,161668,0,0,0,0,0,0
160571,160571,0,0,0,0,0,0
158763,158763,0,0,0,0,0,0
159932,159932,0,0,0,0,0,0
161536,161528,8,0,8,0,1,1
160547,160547,0,0,0,0,0,0
157642,157642,0,0,0,0,0,0
156830,156827,3,0,3,0,2,2
158529,158528,1,0,1,0,1,1
155746,155719,27,0,27,0,2,2
154318,154316,2,0,2,0,1,1
157401,157398,3,0,3,0,1,1
158125,158125,0,0,0,0,0,0
157545,157545,0,0,0,0,0,0
155370,155368,2,0,2,0,1,1
156525,156524,1,0,1,0,1,1
156198,156198,0,0,0,0,0,0
155606,155583,23,0,23,0,1,1
160123,160123,0,0,0,0,0,0
161198,161198,0,0,0,0,0,0
160749,160749,0,0,0,0,0,0
161463,161455,8,0,8,0,2,2
160160,160158,2,0,2,0,1,1
161344,161331,13,0,13,0,2,2
161387,161371,16,0,16,0,1,1
165237,165237,0,0,0,0,0,0
163742,163725,17,0,17,0,1,1
165992,165992,0,0,0,0,0,0
164064,164057,7,0,7,0,2,2
164465,164465,0,0,0,0,0,0
163762,163762,0,0,0,0,0,0
164115,164105,10,0,10,0,1,1
164633,164632,1,0,1,0,1,1
162483,162483,0,0,0,0,0,0
162174,162174,0,0,0,0,0,0
161938,161929,9,0,9,0,1,1
164203,164196,7,0,7,0,1,1
165693,165693,0,0,0,0,0,0
165077,165077,0,0,0,0,0,0
164627,164627,0,0,0,0,0,0
163012,163012,0,0,0,0,0,0
163783,163779,4,0,4,0,1,1
162472,162471,1,0,1,0,1,1
162347,162347,0,0,0,0,0,0
163706,163683,23,0,23,0,2,2
162473,162473,0,0,0,0,0,0
160321,160264,57,0,57,0,1,1
161954,161949,5,0,5,0,1,1
163135,163130,5,0,5,0,1,1
161532,161532,0,0,0,0,0,0
163278,163277,1,0,1,0,1,1
163832,163830,2,0,2,0,1,1
164383,164383,0,0,0,0,0,0
162326,162321,5,0,5,0,1,1
162537,162537,0,0,0,0,0,0
164156,164134,22,0,22,0,2,2
165161,165116,45,0,45,0,1,1
165203,165203,0,0,0,0,0,0
165150,165147,3,0,3,0,1,1
165180,165180,0,0,0,0,0,0
166401,166401,0,0,0,0,0,0
166940,166940,0,0,0,0,0,0
167389,167366,23,0,23,0,3,3
165423,165421,2,0,2,0,1,1
165232,165231,1,0,1,0,1,1
163658,163658,0,0,0,0,0,0
162459,162454,5,0,5,0,1,1
160029,160029,0,0,0,0,0,0
161036,161012,24,0,24,0,1,1
157972,157972,0,0,0,0,0,0
156600,156600,0,0,0,0,0,0
156072,156072,0,0,0,0,0,0
154053,154053,0,0,0,0,0,0
154177,154177,0,0,0,0,0,0
157297,157296,1,0,1,0,1,1
157727,157705,22,0,22,0,1,1
156269,156269,0,0,0,0,0,0
155446,155445,1,0,1,0,1,1
154901,154901,0,0,0,0,0,0
155309,155309,0,0,0,0,0,0
155200,155195,5,0,5,0,1,1
155578,155577,1,0,1,0,1,1
152991,152991,0,0,0,0,0,0
152661,152661,0,0,0,0,0,0
154505,154498,7,0,7,0,1,1
155917,155917,0,0,0,0,0,0
158535,158525,10,0,10,0,1,1
159822,159822,0,0,0,0,0,0
159241,159241,0,0,0,0,0,0
157228,157228,0,0,0,0,0,0
155768,155768,0,0,0,0,0,0
155435,155435,0,0,0,0,0,0
153587,153576,11,0,11,0,1,1
154577,154574,3,0,3,0,1,1
153015,153014,1,0,1,0,1,1
150073,150073,0,0,0,0,0,0
149178,149177,1,0,1,0,1,1
147069,147069,0,0,0,0,0,0
146749,146749,0,0,0,0,0,0
147931,147912,19,0,19,0,2,2
148210,148210,0,0,0,0,0,0
148107,148107,0,0,0,0,0,0
146935,146925,10,0,10,0,1,1
145766,145766,0,0,0,0,0,0
145226,145222,4,0,4,0,1,1
147006,147000,6,0,6,0,1,1
146892,146891,1,0,1,0,1,1
146711,146707,4,0,4,0,1,1
145302,145302,0,0,0,0,0,0
146613,146613,0,0,0,0,0,0
145699,145699,0,0,0,0,0,0
145121,145102,19,0,19,0,2,2
145099,145099,0,0,0,0,0,0
144291,144291,0,0,0,0,0,0
143898,143898,0,0,0,0,0,0
143119,143119,0,0,0,0,0,0
144004,144004,0,0,0,0,0,0
141801,141790,11,0,11,0,1,1
140861,140861,0,0,0,0,0,0
140838,140836,2,0,2,0,1,1
140195,140195,0,0,0,0,0,0
138908,138908,0,0,0,0,0,0
138566,138564,2,0,2,0,1,1
137355,137355,0,0,0,0,0,0
132902,132902,0,0,0,0,0,0
133307,133307,0,0,0,0,0,0
133554,133539,15,0,15,0,1,1
133351,133351,0,0,0,0,0,0
135495,135495,0,0,0,0,0,0
135788,135788,0,0,0,0,0,0
136698,136698,0,0,0,0,0,0
135312,135312,0,0,0,0,0,0
135113,135102,11,0,11,0,2,2
134334,134334,0,0,0,0,0,0
133114,133114,0,0,0,0,0,0
133508,133508,0,0,0,0,0,0
133064,133059,5,0,5,0,2,2
133369,133369,0,0,0,0,0,0
133448,133448,0,0,0,0,0,0
135457,135457,0,0,0,0,0,0
135142,135080,62,0,62,0,1,1
135641,135631,10,0,10,0,1,1
136083,136082,1,0,1,0,1,1
136596,136595,1,0,1,0,1,1
135709,135709,0,0,0,0,0,0
135685,135683,2,0,2,0,1,1
137560,137560,0,0,0,0,0,0
137260,137257,3,0,3,0,1,1
137491,137491,0,0,0,0,0,0
138017,138017,0,0,0,0,0,0
138992,138981,11,0,11,0,3,3
138379,138377,2,0,2,0,1,1
138883,138883,0,0,0,0,0,0
138273,138273,0,0,0,0,0,0
137236,137235,1,0,1,0,1,1
136258,136249,9,0,9,0,1,1
136416,136404,12,0,12,0,1,1
137630,137630,0,0,0,0,0,0
138478,138454,24,0,24,0,2,2
139702,139702,0,0,0,0,0,0
136568,136567,1,0,1,0,1,1
135025,135025,0,0,0,0,0,0
135624,135624,0,0,0,0,0,0
132566,132566,0,0,0,0,0,0
135059,135055,4,0,4,0,1,1
135047,135027,20,0,20,0,2,2
134959,134959,0,0,0,0,0,0
131051,131051,0,0,0,0,0,0
129775,129741,34,0,34,0,1,1
130908,130908,0,0,0,0,0,0
128169,128168,1,0,1,0,1,1
127006,127006,0,0,0,0,0,0
127807,127807,0,0,0,0,0,0
129711,129711,0,0,0,0,0,0
129322,129322,0,0,0,0,0,0
129541,129541,0,0,0,0,0,0
130473,130473,0,0,0,0,0,0
129767,129767,0,0,0,0,0,0
129046,129046,0,0,0,0,0,0
129390,129388,2,0,2,0,2,2
129847,129847,0,0,0,0,0,0
130177,130161,16,0,16,0,1,1
129965,129965,0,0,0,0,0,0
131420,131420,0,0,0,0,0,0
132253,132252,1,0,1,0,1,1
133017,133015,2,0,2,0,1,1
133114,133111,3,0,3,0,1,1
134013,134012,1,0,1,0,1,1
133690,133677,13,0,13,0,2,2
134276,134276,0,0,0,0,0,0
135666,135666,0,0,0,0,0,0
136309,136294,15,0,15,0,1,1
137660,137660,0,0,0,0,0,0
138970,138970,0,0,0,0,0,0
139708,139701,7,0,7,0,1,1
138170,138170,0,0,0,0,0,0
140141,140138,3,0,3,0,1,1
140591,140578,13,0,13,0,1,1
141391,141390,1,0,1,0,1,1
142021,142021,0,0,0,0,0,0
144634,144621,13,0,13,0,2,2
145071,145071,0,0,0,0,0,0
143807,143804,3,0,3,0,1,1
144546,144546,0,0,0,0,0,0
146402,146377,25,0,25,0,2,2
146503,146491,12,0,12,0,1,1
147602,147600,2,0,2,0,1,1
146264,146264,0,0,0,0,0,0
147969,147969,0,0,0,0,0,0
146965,146965,0,0,0,0,0,0
146080,146077,3,0,3,0,1,1
146688,146686,2,0,2,0,1,1
146231,146223,8,0,8,0,1,1
146271,146270,1,0,1,0,1,1
144468,144468,0,0,0,0,0,0
144321,144321,0,0,0,0,0,0
143544,143544,0,0,0,0,0,0
143021,143021,0,0,0,0,0,0
144331,144298,33,0,33,0,1,1
145096,145096,0,0,0,0,0,0
142407,142392,15,0,15,0,1,1
146162,146161,1,0,1,0,1,1
145025,145025,0,0,0,0,0,0
144936,144936,0,0,0,0,0,0
144598,144591,7,2,5,0,1,2
145091,145091,0,0,0,0,0,0
143822,143822,0,0,0,0,0,0
144252,144249,3,0,3,0,1,1
143202,143202,0,0,0,0,0,0
142729,142729,0,0,0,0,0,0
142449,142447,2,0,2,0,1,1
143783,143783,0,0,0,0,0,0
142954,142954,0,0,0,0,0,0
142751,142733,18,0,18,0,1,1
145094,145029,65,0,65,0,1,1
143222,143219,3,0,3,0,1,1
142594,142573,21,0,21,0,1,1
142587,142587,0,0,0,0,0,0
142241,142241,0,0,0,0,0,0
140267,140267,0,0,0,0,0,0
139246,139246,0,0,0,0,0,0
138616,138610,6,0,6,0,1,1
137025,137025,0,0,0,0,0,0
137470,137466,4,0,4,0,1,1
137341,137341,0,0,0,0,0,0
137872,137872,0,0,0,0,0,0
136901,136900,1,0,1,0,1,1
135291,135289,2,0,2,0,1,1
134103,134103,0,0,0,0,0,0
133935,133935,0,0,0,0,0,0
133844,133803,41,0,41,0,1,1
133818,133818,0,0,0,0,0,0
131635,131631,4,0,4,0,1,1
129733,129733,0,0,0,0,0,0
130705,130705,0,0,0,0,0,0
128383,128383,0,0,0,0,0,0
127600,127600,0,0,0,0,0,0
125676,125674,2,0,2,0,2,2
125258,125247,11,0,11,0,1,1
123469,123468,1,0,1,0,1,1
122699,122699,0,0,0,0,0,0
122999,122998,1,0,1,0,1,1
120784,120784,0,0,0,0,0,0
120509,120508,1,0,1,0,1,1
117835,117834,1,0,1,0,1,1
117725,117725,0,0,0,0,0,0
115268,115268,0,0,0,0,0,0
114657,114657,0,0,0,0,0,0
114346,114346,0,0,0,0,0,0
112654,112645,9,0,9,0,1,1
111492,111486,6,0,6,0,1,1
112070,112067,3,0,3,0,1,1
112061,112061,0,0,0,0,0,0
111792,111792,0,0,0,0,0,0
111374,111353,21,0,21,0,1,1
111004,111004,0,0,0,0,0,0
111316,111304,12,0,12,0,1,1
110619,110614,5,0,5,0,1,1
111554,111554,0,0,0,0,0,0
111148,111131,17,0,17,0,1,1
110590,110586,4,0,4,0,1,1
111060,111059,1,0,1,0,1,1
110147,110147,0,0,0,0,0,0
109652,109646,6,0,6,0,1,1
110641,110640,1,1,0,0,0,1
111029,110997,32,0,32,0,1,1
111053,111053,0,0,0,0,0,0
111792,111789,3,0,3,0,1,1
115065,115065,0,0,0,0,0,0
117135,117135,0,0,0,0,0,0
118278,118274,4,0,4,0,2,2
124192,124192,0,0,0,0,0,0
125818,125818,0,0,0,0,0,0
129238,129235,3,0,3,0,1,1
136946,136943,3,0,3,0,1,1
140340,140332,8,0,8,0,1,1
145049,145028,21,0,21,0,1,1
153238,153238,0,0,0,0,0,0
156029,156029,0,0,0,0,0,0
159204,159194,10,0,10,0,1,1
162056,162056,0,0,0,0,0,0
165277,165277,0,0,0,0,0,0
174411,174407,4,0,4,0,1,1
180232,180232,0,0,0,0,0,0
182010,181988,22,0,22,0,1,1
185947,185944,3,0,3,0,1,1
190712,190711,1,0,1,0,1,1
195832,195814,18,0,18,0,1,1
199135,199133,2,0,2,0,1,1
201858,201851,7,0,7,0,1,1
208798,208792,6,0,6,0,1,1
216775,216775,0,0,0,0,0,0
218926,218923,3,0,3,0,3,3
221565,221560,5,0,5,0,1,1
226402,226402,0,0,0,0,0,0
230875,230871,4,0,4,0,1,1
236218,236218,0,0,0,0,0,0
236947,236947,0,0,0,0,0,0
241139,241137,2,0,2,0,1,1
244118,244118,0,0,0,0,0,0
242360,242360,0,0,0,0,0,0
246402,246401,1,0,1,0,1,1
245289,245289,0,0,0,0,0,0
247409,247409,0,0,0,0,0,0
246952,246952,0,0,0,0,0,0
247374,247374,0,0,0,0,0,0
249386,249381,5,0,5,0,1,1
247482,247445,37,0,37,0,3,3
274486,274486,0,0,0,0,0,0
273146,273146,0,0,0,0,0,0
268001,268001,0,0,0,0,0,0
270430,270430,0,0,0,0,0,0
268160,268160,0,0,0,0,0,0
274851,274849,2,0,2,0,1,1
266990,266990,0,0,0,0,0,0
271054,271054,0,0,0,0,0,0
268424,268424,0,0,0,0,0,0
270334,270318,16,0,16,0,2,2
262697,262691,6,0,6,0,1,1
273544,273533,11,0,11,0,1,1
270171,270143,28,0,28,0,2,2
268287,268285,2,0,2,0,1,1
267511,267511,0,0,0,0,0,0
271856,271856,0,0,0,0,0,0
