coverage,wt.counts,mut.count,s.count,ns.count,stp.count,aa.sampled,codons.sampled
219770,219769,1,0,1,0,1,1
220661,220661,0,0,0,0,0,0
218780,218779,1,0,1,0,1,1
217594,217594,0,0,0,0,0,0
223750,223736,14,0,14,0,1,1
221604,221591,13,0,13,0,1,1
221044,221044,0,0,0,0,0,0
220549,220522,27,0,27,0,1,1
218246,218246,0,0,0,0,0,0
223654,223654,0,0,0,0,0,0
224894,224894,0,0,0,0,0,0
192717,192713,4,0,4,0,1,1
191681,191681,0,0,0,0,0,0
196299,196298,1,0,1,0,1,1
199163,199163,0,0,0,0,0,0
202799,202799,0,0,0,0,0,0
203703,203703,0,0,0,0,0,0
205449,205449,0,0,0,0,0,0
205151,205151,0,0,0,0,0,0
208857,208857,0,0,0,0,0,0
207509,207508,1,0,1,0,1,1
206100,206097,3,0,3,0,1,1
202274,202274,0,0,0,0,0,0
201737,201732,5,0,5,0,1,1
201108,201108,0,0,0,0,0,0
199090,199090,0,0,0,0,0,0
199434,199434,0,0,0,0,0,0
197535,197535,0,0,0,0,0,0
197117,197117,0,0,0,0,0,0
196168,196168,0,0,0,0,0,0
193957,193957,0,0,0,0,0,0
195376,195376,0,0,0,0,0,0
193275,193275,0,0,0,0,0,0
191032,191031,1,0,1,0,1,1
191091,191091,0,0,0,0,0,0
186590,186590,0,0,0,0,0,0
184402,184402,0,0,0,0,0,0
186337,186337,0,0,0,0,0,0
184369,184361,8,0,8,0,1,1
181297,181297,0,0,0,0,0,0
178400,178398,2,0,2,0,1,1
177039,177039,0,0,0,0,0,0
172602,172602,0,0,0,0,0,0
168387,168387,0,0,0,0,0,0
163726,163726,0,0,0,0,0,0
159029,159028,1,0,1,0,1,1
150557,150557,0,0,0,0,0,0
148202,148188,14,0,14,0,1,1
146129,146120,9,0,9,0,2,2
146510,146510,0,0,0,0,0,0
145438,145438,0,0,0,0,0,0
145192,145192,0,0,0,0,0,0
144287,144286,1,0,1,0,1,1
142021,142020,1,0,1,0,1,1
138726,138725,1,0,1,0,1,1
138767,138767,0,0,0,0,0,0
139967,139962,5,0,5,0,1,1
140224,140214,10,0,10,0,2,2
141172,141172,0,0,0,0,0,0
142007,142007,0,0,0,0,0,0
142853,142852,1,0,1,0,1,1
145285,145283,2,0,2,0,1,1
145303,145301,2,0,2,0,1,1
147563,147563,0,0,0,0,0,0
149873,149873,0,0,0,0,0,0
150540,150540,0,0,0,0,0,0
153142,153142,0,0,0,0,0,0
154217,154217,0,0,0,0,0,0
156014,156013,1,0,1,0,1,1
156657,156657,0,0,0,0,0,0
157529,157529,0,0,0,0,0,0
157706,157706,0,0,0,0,0,0
158975,158975,0,0,0,0,0,0
159764,159757,7,0,7,0,1,1
160154,160154,0,0,0,0,0,0
160293,160293,0,0,0,0,0,0
161617,161617,0,0,0,0,0,0
164359,164358,1,0,1,0,1,1
164714,164712,2,0,2,0,1,1
165575,165575,0,0,0,0,0,0
166838,166838,0,0,0,0,0,0
166478,166460,18,0,18,0,2,2
167229,167229,0,0,0,0,0,0
167605,167605,0,0,0,0,0,0
164888,164888,0,0,0,0,0,0
164617,164613,4,0,4,0,1,1
164492,164492,0,0,0,0,0,0
164099,164089,10,0,10,0,1,1
162198,162198,0,0,0,0,0,0
162187,162187,0,0,0,0,0,0
162768,162768,0,0,0,0,0,0
163787,163784,3,0,3,0,1,1
163602,163602,0,0,0,0,0,0
165571,165567,4,0,4,0,1,1
165639,165639,0,0,0,0,0,0
162265,162265,0,0,0,0,0,0
162492,162488,4,0,4,0,1,1
162687,162687,0,0,0,0,0,0
161822,161822,0,0,0,0,0,0
163078,163078,0,0,0,0,0,0
166196,166196,0,0,0,0,0,0
167434,167434,0,0,0,0,0,0
166079,166072,7,0,7,0,1,1
167327,167327,0,0,0,0,0,0
167502,167502,0,0,0,0,0,0
166630,166630,0,0,0,0,0,0
169419,169419,0,0,0,0,0,0
170427,170427,0,0,0,0,0,0
170181,170178,3,0,3,0,1,1
170390,170390,0,0,0,0,0,0
172039,172037,2,0,2,0,1,1
173120,173118,2,0,2,0,1,1
171612,171610,2,0,2,0,2,2
172758,172758,0,0,0,0,0,0
176607,176607,0,0,0,0,0,0
176370,176363,7,0,7,0,2,2
176447,176447,0,0,0,0,0,0
177076,177076,0,0,0,0,0,0
179768,179752,16,0,16,0,1,1
180781,180773,8,0,8,0,2,2
181003,181001,2,0,2,0,1,1
182683,182683,0,0,0,0,0,0
182999,182998,1,0,1,0,1,1
182323,182321,2,0,2,0,1,1
184053,184050,3,0,3,0,1,1
182745,182745,0,0,0,0,0,0
184671,184671,0,0,0,0,0,0
182046,182046,0,0,0,0,0,0
183921,183921,0,0,0,0,0,0
182709,182709,0,0,0,0,0,0
185541,185541,0,0,0,0,0,0
186668,186668,0,0,0,0,0,0
186024,186024,0,0,0,0,0,0
187615,187615,0,0,0,0,0,0
185961,185945,16,0,16,0,1,1
186616,186595,21,0,21,0,1,1
186984,186984,0,0,0,0,0,0
188874,188849,25,0,25,0,2,2
190560,190560,0,0,0,0,0,0
188324,188324,0,0,0,0,0,0
190119,190119,0,0,0,0,0,0
191071,191049,22,0,22,0,1,1
192007,191975,32,0,32,0,2,2
191966,191966,0,0,0,0,0,0
192185,192185,0,0,0,0,0,0
192789,192788,1,0,1,0,1,1
190915,190915,0,0,0,0,0,0
192607,192607,0,0,0,0,0,0
194048,194048,0,0,0,0,0,0
193299,193298,1,0,1,0,1,1
193175,193175,0,0,0,0,0,0
193205,193173,32,0,32,0,1,1
193921,193909,12,0,12,0,1,1
192877,192877,0,0,0,0,0,0
194773,194770,3,0,3,0,1,1
194037,194037,0,0,0,0,0,0
195264,195264,0,0,0,0,0,0
193596,193589,7,0,7,0,2,2
193351,193342,9,0,9,0,1,1
193849,193849,0,0,0,0,0,0
194664,194664,0,0,0,0,0,0
195132,195102,30,0,30,0,1,1
194485,194485,0,0,0,0,0,0
194724,194724,0,0,0,0,0,0
193577,193569,8,0,8,0,1,1
191643,191643,0,0,0,0,0,0
192354,192353,1,0,1,0,1,1
191836,191836,0,0,0,0,0,0
193371,193360,11,0,11,0,1,1
191023,191023,0,0,0,0,0,0
192625,192625,0,0,0,0,0,0
191714,191712,2,0,2,0,1,1
192277,192264,13,0,13,0,2,2
192604,192588,16,0,16,0,1,1
190528,190528,0,0,0,0,0,0
191333,191333,0,0,0,0,0,0
189916,189916,0,0,0,0,0,0
188988,188988,0,0,0,0,0,0
187465,187465,0,0,0,0,0,0
187093,187093,0,0,0,0,0,0
189142,189131,11,0,11,0,1,1
189467,189467,0,0,0,0,0,0
186909,186909,0,0,0,0,0,0
184023,184023,0,0,0,0,0,0
182801,182797,4,0,4,0,1,1
185152,185152,0,0,0,0,0,0
183312,183312,0,0,0,0,0,0
181455,181455,0,0,0,0,0,0
184450,184450,0,0,0,0,0,0
183788,183786,2,0,2,0,1,1
185170,185170,0,0,0,0,0,0
182077,182077,0,0,0,0,0,0
183468,183468,0,0,0,0,0,0
183627,183626,1,0,1,0,1,1
183311,183311,0,0,0,0,0,0
182933,182933,0,0,0,0,0,0
183991,183988,3,0,3,0,1,1
186043,186043,0,0,0,0,0,0
185376,185376,0,0,0,0,0,0
187000,187000,0,0,0,0,0,0
186408,186408,0,0,0,0,0,0
185769,185737,32,0,32,0,2,2
185011,185008,3,0,3,0,1,1
184364,184340,24,0,24,0,1,1
183575,183575,0,0,0,0,0,0
183721,183719,2,0,2,0,1,1
183990,183990,0,0,0,0,0,0
184248,184248,0,0,0,0,0,0
183080,183080,0,0,0,0,0,0
183484,183484,0,0,0,0,0,0
183189,183186,3,0,3,0,1,1
179431,179431,0,0,0,0,0,0
180438,180438,0,0,0,0,0,0
180632,180632,0,0,0,0,0,0
179424,179423,1,0,1,0,1,1
179036,179036,0,0,0,0,0,0
178285,178282,3,0,3,0,1,1
177729,177729,0,0,0,0,0,0
175886,175884,2,0,2,0,1,1
176530,176522,8,0,8,0,1,1
178440,178440,0,0,0,0,0,0
178159,178159,0,0,0,0,0,0
177540,177540,0,0,0,0,0,0
176333,176333,0,0,0,0,0,0
176877,176877,0,0,0,0,0,0
174948,174937,11,0,11,0,1,1
177184,177184,0,0,0,0,0,0
178275,178275,0,0,0,0,0,0
177776,177776,0,0,0,0,0,0
178048,178048,0,0,0,0,0,0
178851,178851,0,0,0,0,0,0
178561,178561,0,0,0,0,0,0
179743,179741,2,0,2,0,2,2
181890,181890,0,0,0,0,0,0
182956,182956,0,0,0,0,0,0
183969,183969,0,0,0,0,0,0
185276,185269,7,0,7,0,1,1
183961,183961,0,0,0,0,0,0
183456,183456,0,0,0,0,0,0
185660,185660,0,0,0,0,0,0
185554,185554,0,0,0,0,0,0
185736,185736,0,0,0,0,0,0
186872,186872,0,0,0,0,0,0
186511,186511,0,0,0,0,0,0
187747,187747,0,0,0,0,0,0
187941,187940,1,0,1,0,1,1
187446,187446,0,0,0,0,0,0
188586,188586,0,0,0,0,0,0
188172,188172,0,0,0,0,0,0
187729,187729,0,0,0,0,0,0
187458,187458,0,0,0,0,0,0
189707,189707,0,0,0,0,0,0
191414,191414,0,0,0,0,0,0
192651,192651,0,0,0,0,0,0
195029,195029,0,0,0,0,0,0
195781,195781,0,0,0,0,0,0
194303,194303,0,0,0,0,0,0
192402,192401,1,0,1,0,1,1
193472,193472,0,0,0,0,0,0
193548,193523,25,0,25,0,1,1
195131,195131,0,0,0,0,0,0
198369,198356,13,0,13,0,1,1
197624,197624,0,0,0,0,0,0
198694,198693,1,0,1,0,1,1
191757,191757,0,0,0,0,0,0
196907,196907,0,0,0,0,0,0
195248,195248,0,0,0,0,0,0
196143,196143,0,0,0,0,0,0
197919,197919,0,0,0,0,0,0
198611,198611,0,0,0,0,0,0
199713,199713,0,0,0,0,0,0
201883,201883,0,0,0,0,0,0
202386,202386,0,0,0,0,0,0
203360,203360,0,0,0,0,0,0
204236,204231,5,0,5,0,1,1
201931,201931,0,0,0,0,0,0
201819,201812,7,0,7,0,1,1
200945,200945,0,0,0,0,0,0
198904,198904,0,0,0,0,0,0
198004,198004,0,0,0,0,0,0
196859,196856,3,0,3,0,1,1
197977,197977,0,0,0,0,0,0
198010,197999,11,0,11,0,1,1
196639,196639,0,0,0,0,0,0
198516,198516,0,0,0,0,0,0
196859,196859,0,0,0,0,0,0
197539,197539,0,0,0,0,0,0
196091,196091,0,0,0,0,0,0
195973,195973,0,0,0,0,0,0
182854,182854,0,0,0,0,0,0
192250,192250,0,0,0,0,0,0
190938,190938,0,0,0,0,0,0
189146,189146,0,0,0,0,0,0
188195,188195,0,0,0,0,0,0
189327,189327,0,0,0,0,0,0
191753,191753,0,0,0,0,0,0
191169,191169,0,0,0,0,0,0
191764,191764,0,0,0,0,0,0
192427,192427,0,0,0,0,0,0
193646,193645,1,0,1,0,1,1
192310,192310,0,0,0,0,0,0
191696,191688,8,0,8,0,1,1
191872,191872,0,0,0,0,0,0
189872,189872,0,0,0,0,0,0
189734,189734,0,0,0,0,0,0
188613,188613,0,0,0,0,0,0
188244,188242,2,0,2,0,2,2
186223,186219,4,0,4,0,1,1
187758,187758,0,0,0,0,0,0
186218,186218,0,0,0,0,0,0
184931,184924,7,0,7,0,1,1
185628,185627,1,0,1,0,1,1
183462,183462,0,0,0,0,0,0
183078,183078,0,0,0,0,0,0
182576,182575,1,0,1,0,1,1
181142,181142,0,0,0,0,0,0
179454,179454,0,0,0,0,0,0
178810,178807,3,0,3,0,1,1
180659,180658,1,0,1,0,1,1
179057,179057,0,0,0,0,0,0
182498,182494,4,0,4,0,1,1
185979,185979,0,0,0,0,0,0
186405,186404,1,0,1,0,1,1
186812,186812,0,0,0,0,0,0
188127,188127,0,0,0,0,0,0
187057,187056,1,0,1,0,1,1
188722,188722,0,0,0,0,0,0
189248,189248,0,0,0,0,0,0
189320,189320,0,0,0,0,0,0
189422,189422,0,0,0,0,0,0
189161,189161,0,0,0,0,0,0
187522,187518,4,0,4,0,1,1
187298,187292,6,0,6,0,1,1
187993,187993,0,0,0,0,0,0
187261,187261,0,0,0,0,0,0
189479,189479,0,0,0,0,0,0
189503,189503,0,0,0,0,0,0
189364,189364,0,0,0,0,0,0
187613,187606,7,0,7,0,1,1
187153,187153,0,0,0,0,0,0
185285,185285,0,0,0,0,0,0
184359,184359,0,0,0,0,0,0
187435,187435,0,0,0,0,0,0
189420,189409,11,0,11,0,1,1
185467,185467,0,0,0,0,0,0
187210,187208,2,0,2,0,1,1
189135,189135,0,0,0,0,0,0
188618,188618,0,0,0,0,0,0
187870,187870,0,0,0,0,0,0
189197,189197,0,0,0,0,0,0
189270,189270,0,0,0,0,0,0
189769,189760,9,0,9,0,2,2
189532,189532,0,0,0,0,0,0
190003,189984,19,0,19,0,1,1
189044,189044,0,0,0,0,0,0
189768,189768,0,0,0,0,0,0
187416,187416,0,0,0,0,0,0
186436,186436,0,0,0,0,0,0
182422,182419,3,0,3,0,2,2
182113,182113,0,0,0,0,0,0
178761,178760,1,0,1,0,1,1
178286,178286,0,0,0,0,0,0
179566,179563,3,0,3,0,3,3
178240,178240,0,0,0,0,0,0
178310,178310,0,0,0,0,0,0
176983,176983,0,0,0,0,0,0
178364,178364,0,0,0,0,0,0
178653,178653,0,0,0,0,0,0
178155,178151,4,0,4,0,1,1
178631,178631,0,0,0,0,0,0
177184,177172,12,0,12,0,1,1
178246,178246,0,0,0,0,0,0
181210,181210,0,0,0,0,0,0
181907,181907,0,0,0,0,0,0
184095,184093,2,0,2,0,1,1
184929,184929,0,0,0,0,0,0
185217,185207,10,0,10,0,1,1
186019,186002,17,0,17,0,1,1
189766,189766,0,0,0,0,0,0
191599,191599,0,0,0,0,0,0
191199,191199,0,0,0,0,0,0
191062,191035,27,0,27,0,1,1
189663,189648,15,0,15,0,1,1
190174,190173,1,0,1,0,1,1
190915,190915,0,0,0,0,0,0
190220,190208,12,0,12,0,1,1
191833,191833,0,0,0,0,0,0
192924,192918,6,0,6,0,1,1
192025,192025,0,0,0,0,0,0
189818,189818,0,0,0,0,0,0
189233,189233,0,0,0,0,0,0
191244,191244,0,0,0,0,0,0
188602,188602,0,0,0,0,0,0
188812,188812,0,0,0,0,0,0
188990,188990,0,0,0,0,0,0
190552,190552,0,0,0,0,0,0
191852,191850,2,0,2,0,1,1
192901,192901,0,0,0,0,0,0
193889,193889,0,0,0,0,0,0
194943,194943,0,0,0,0,0,0
195682,195682,0,0,0,0,0,0
195337,195337,0,0,0,0,0,0
194283,194270,13,0,13,0,1,1
193218,193217,1,0,1,0,1,1
195825,195813,12,0,12,0,1,1
195722,195722,0,0,0,0,0,0
195111,195110,1,0,1,0,1,1
195075,195075,0,0,0,0,0,0
197066,197051,15,0,15,0,1,1
192853,192853,0,0,0,0,0,0
195577,195577,0,0,0,0,0,0
193332,193332,0,0,0,0,0,0
191930,191929,1,0,1,0,1,1
191578,191578,0,0,0,0,0,0
188210,188210,0,0,0,0,0,0
190614,190614,0,0,0,0,0,0
192622,192622,0,0,0,0,0,0
191884,191884,0,0,0,0,0,0
191571,191571,0,0,0,0,0,0
191956,191956,0,0,0,0,0,0
190921,190921,0,0,0,0,0,0
189561,189528,33,0,33,0,1,1
191073,191073,0,0,0,0,0,0
191584,191584,0,0,0,0,0,0
192191,192191,0,0,0,0,0,0
192417,192417,0,0,0,0,0,0
192862,192862,0,0,0,0,0,0
191616,191616,0,0,0,0,0,0
189880,189880,0,0,0,0,0,0
191035,191035,0,0,0,0,0,0
192647,192642,5,0,5,0,1,1
191613,191613,0,0,0,0,0,0
188892,188890,2,0,2,0,1,1
187656,187654,2,0,2,0,1,1
189966,189965,1,0,1,0,1,1
186743,186731,12,0,12,0,2,2
184869,184868,1,0,1,0,1,1
188435,188433,2,0,2,0,1,1
188993,188993,0,0,0,0,0,0
188415,188415,0,0,0,0,0,0
186013,186012,1,0,1,0,1,1
187411,187411,0,0,0,0,0,0
187072,187072,0,0,0,0,0,0
186922,186911,11,0,11,0,2,2
191328,191327,1,0,1,0,1,1
192759,192759,0,0,0,0,0,0
192053,192053,0,0,0,0,0,0
193106,193104,2,0,2,0,1,1
192054,192054,0,0,0,0,0,0
192980,192971,9,0,9,0,2,2
193574,193571,3,0,3,0,1,1
197321,197321,0,0,0,0,0,0
196235,196223,12,0,12,0,1,1
198752,198751,1,0,1,0,1,1
196594,196592,2,0,2,0,2,2
197000,197000,0,0,0,0,0,0
197151,197151,0,0,0,0,0,0
197464,197449,15,0,15,0,1,1
198108,198108,0,0,0,0,0,0
196158,196158,0,0,0,0,0,0
196067,196067,0,0,0,0,0,0
195847,195839,8,0,8,0,1,1
197835,197830,5,0,5,0,1,1
199787,199787,0,0,0,0,0,0
199716,199716,0,0,0,0,0,0
199575,199575,0,0,0,0,0,0
198126,198126,0,0,0,0,0,0
198429,198428,1,0,1,0,1,1
197270,197269,1,0,1,0,1,1
197136,197136,0,0,0,0,0,0
198647,198618,29,0,29,0,2,2
197443,197443,0,0,0,0,0,0
195337,195328,9,0,9,0,1,1
196606,196606,0,0,0,0,0,0
198498,198496,2,0,2,0,2,2
198063,198063,0,0,0,0,0,0
198817,198817,0,0,0,0,0,0
199114,199114,0,0,0,0,0,0
199745,199745,0,0,0,0,0,0
197902,197901,1,0,1,0,1,1
197615,197615,0,0,0,0,0,0
199063,199046,17,0,17,0,2,2
199825,199783,42,0,42,0,1,1
200238,200238,0,0,0,0,0,0
199844,199844,0,0,0,0,0,0
200166,200166,0,0,0,0,0,0
201509,201509,0,0,0,0,0,0
201888,201888,0,0,0,0,0,0
202457,202432,25,0,25,0,1,1
200152,200152,0,0,0,0,0,0
199910,199910,0,0,0,0,0,0
198233,198233,0,0,0,0,0,0
197054,197044,10,0,10,0,1,1
194478,194478,0,0,0,0,0,0
194880,194862,18,0,18,0,1,1
191544,191544,0,0,0,0,0,0
190202,190202,0,0,0,0,0,0
189515,189515,0,0,0,0,0,0
187737,187737,0,0,0,0,0,0
187583,187583,0,0,0,0,0,0
191018,191018,0,0,0,0,0,0
191147,191135,12,0,12,0,1,1
189568,189568,0,0,0,0,0,0
188363,188363,0,0,0,0,0,0
187629,187629,0,0,0,0,0,0
188179,188179,0,0,0,0,0,0
187904,187898,6,0,6,0,1,1
188208,188208,0,0,0,0,0,0
185689,185688,1,0,1,0,1,1
184905,184905,0,0,0,0,0,0
186849,186847,2,0,2,0,1,1
188414,188414,0,0,0,0,0,0
190776,190768,8,0,8,0,1,1
192120,192120,0,0,0,0,0,0
192153,192153,0,0,0,0,0,0
189215,189215,0,0,0,0,0,0
187362,187362,0,0,0,0,0,0
187075,187075,0,0,0,0,0,0
185171,185161,10,0,10,0,1,1
185937,185936,1,0,1,0,1,1
184085,184085,0,0,0,0,0,0
181086,181086,0,0,0,0,0,0
179112,179112,0,0,0,0,0,0
176663,176663,0,0,0,0,0,0
176228,176228,0,0,0,0,0,0
177112,177095,17,0,17,0,1,1
176923,176923,0,0,0,0,0,0
176682,176681,1,0,1,0,1,1
175185,175183,2,0,2,0,1,1
173371,173371,0,0,0,0,0,0
172558,172552,6,0,6,0,1,1
174758,174747,11,0,11,0,1,1
174892,174890,2,0,2,0,1,1
174161,174161,0,0,0,0,0,0
172578,172578,0,0,0,0,0,0
173791,173791,0,0,0,0,0,0
172673,172673,0,0,0,0,0,0
172674,172666,8,0,8,0,1,1
172442,172442,0,0,0,0,0,0
171361,171361,0,0,0,0,0,0
170894,170894,0,0,0,0,0,0
170103,170103,0,0,0,0,0,0
170964,170964,0,0,0,0,0,0
168684,168672,12,0,12,0,1,1
168377,168377,0,0,0,0,0,0
167798,167798,0,0,0,0,0,0
167537,167537,0,0,0,0,0,0
166754,166754,0,0,0,0,0,0
165910,165909,1,0,1,0,1,1
164465,164465,0,0,0,0,0,0
159597,159597,0,0,0,0,0,0
159828,159828,0,0,0,0,0,0
160405,160401,4,0,4,0,1,1
160283,160283,0,0,0,0,0,0
163069,163069,0,0,0,0,0,0
163439,163439,0,0,0,0,0,0
164117,164117,0,0,0,0,0,0
162916,162916,0,0,0,0,0,0
162577,162571,6,0,6,0,1,1
162093,162091,2,0,2,0,1,1
160920,160920,0,0,0,0,0,0
161412,161412,0,0,0,0,0,0
161187,161185,2,0,2,0,1,1
161468,161468,0,0,0,0,0,0
161309,161309,0,0,0,0,0,0
163643,163643,0,0,0,0,0,0
163724,163670,54,0,54,0,1,1
163937,163926,11,0,11,0,1,1
164644,164643,1,0,1,0,1,1
164930,164929,1,0,1,0,1,1
164013,164013,0,0,0,0,0,0
164345,164345,0,0,0,0,0,0
166746,166746,0,0,0,0,0,0
166046,166046,0,0,0,0,0,0
166165,166165,0,0,0,0,0,0
167359,167359,0,0,0,0,0,0
168594,168584,10,0,10,0,3,3
167969,167969,0,0,0,0,0,0
168759,168759,0,0,0,0,0,0
168106,168106,0,0,0,0,0,0
166597,166597,0,0,0,0,0,0
165552,165545,7,0,7,0,1,1
166129,166116,13,0,13,0,1,1
168106,168106,0,0,0,0,0,0
168616,168590,26,0,26,0,2,2
169990,169990,0,0,0,0,0,0
166890,166890,0,0,0,0,0,0
165535,165534,1,0,1,0,1,1
166630,166628,2,0,2,0,1,1
163364,163364,0,0,0,0,0,0
164967,164965,2,0,2,0,1,1
164799,164772,27,0,27,0,2,2
164867,164867,0,0,0,0,0,0
160476,160476,0,0,0,0,0,0
159109,159072,37,0,37,0,1,1
160673,160673,0,0,0,0,0,0
157341,157341,0,0,0,0,0,0
156216,156216,0,0,0,0,0,0
156749,156749,0,0,0,0,0,0
158541,158541,0,0,0,0,0,0
158398,158398,0,0,0,0,0,0
158824,158824,0,0,0,0,0,0
159557,159557,0,0,0,0,0,0
159276,159276,0,0,0,0,0,0
158278,158278,0,0,0,0,0,0
158842,158842,0,0,0,0,0,0
159230,159230,0,0,0,0,0,0
159469,159454,15,0,15,0,1,1
159285,159285,0,0,0,0,0,0
160871,160871,0,0,0,0,0,0
161842,161841,1,0,1,0,1,1
161735,161734,1,0,1,0,1,1
161923,161922,1,0,1,0,1,1
162937,162937,0,0,0,0,0,0
162840,162825,15,0,15,0,2,2
163176,163176,0,0,0,0,0,0
165136,165136,0,0,0,0,0,0
165265,165243,22,0,22,0,1,1
166955,166955,0,0,0,0,0,0
168282,168281,1,0,1,0,1,1
168704,168704,0,0,0,0,0,0
167567,167567,0,0,0,0,0,0
169359,169359,0,0,0,0,0,0
169900,169885,15,0,15,0,1,1
170552,170552,0,0,0,0,0,0
171115,171114,1,0,1,0,1,1
173595,173580,15,0,15,0,2,2
173912,173911,1,0,1,0,1,1
172424,172424,0,0,0,0,0,0
173061,173061,0,0,0,0,0,0
175232,175210,22,0,22,0,2,2
175343,175326,17,0,17,0,1,1
176668,176668,0,0,0,0,0,0
175239,175239,0,0,0,0,0,0
176696,176696,0,0,0,0,0,0
175750,175750,0,0,0,0,0,0
174393,174393,0,0,0,0,0,0
175092,175092,0,0,0,0,0,0
174812,174804,8,0,8,0,1,1
174943,174941,2,0,2,0,1,1
173359,173359,0,0,0,0,0,0
172897,172895,2,0,2,0,1,1
172072,172072,0,0,0,0,0,0
171202,171202,0,0,0,0,0,0
172608,172586,22,0,22,0,1,1
173218,173218,0,0,0,0,0,0
171459,171457,2,0,2,0,1,1
174344,174344,0,0,0,0,0,0
172586,172586,0,0,0,0,0,0
172197,172197,0,0,0,0,0,0
172209,172207,2,0,2,0,1,1
172071,172071,0,0,0,0,0,0
171012,171012,0,0,0,0,0,0
171521,171521,0,0,0,0,0,0
170371,170371,0,0,0,0,0,0
169730,169730,0,0,0,0,0,0
169972,169969,3,0,3,0,1,1
171054,171054,0,0,0,0,0,0
169911,169911,0,0,0,0,0,0
169959,169946,13,0,13,0,1,1
172289,172228,61,0,61,0,1,1
169959,169958,1,0,1,0,1,1
169331,169321,10,0,10,0,1,1
168879,168879,0,0,0,0,0,0
168626,168626,0,0,0,0,0,0
166309,166309,0,0,0,0,0,0
164933,164933,0,0,0,0,0,0
164744,164736,8,0,8,0,1,1
162659,162659,0,0,0,0,0,0
162572,162571,1,0,1,0,1,1
162339,162339,0,0,0,0,0,0
163017,163017,0,0,0,0,0,0
162220,162220,0,0,0,0,0,0
160230,160230,0,0,0,0,0,0
159023,159023,0,0,0,0,0,0
158393,158393,0,0,0,0,0,0
158444,158419,25,0,25,0,1,1
158227,158227,0,0,0,0,0,0
155399,155399,0,0,0,0,0,0
153714,153714,0,0,0,0,0,0
154738,154738,0,0,0,0,0,0
152489,152489,0,0,0,0,0,0
152373,152373,0,0,0,0,0,0
149692,149691,1,0,1,0,1,1
149268,149251,17,0,17,0,2,2
147685,147685,0,0,0,0,0,0
146994,146994,0,0,0,0,0,0
147091,147091,0,0,0,0,0,0
144936,144936,0,0,0,0,0,0
144638,144638,0,0,0,0,0,0
141739,141738,1,0,1,0,1,1
141499,141499,0,0,0,0,0,0
139506,139506,0,0,0,0,0,0
138570,138570,0,0,0,0,0,0
138695,138695,0,0,0,0,0,0
137452,137444,8,0,8,0,1,1
136192,136188,4,0,4,0,1,1
137501,137501,0,0,0,0,0,0
138220,138220,0,0,0,0,0,0
138348,138348,0,0,0,0,0,0
137991,137973,18,0,18,0,1,1
138447,138447,0,0,0,0,0,0
138831,138815,16,0,16,0,1,1
138541,138541,0,0,0,0,0,0
139996,139996,0,0,0,0,0,0
140489,140477,12,0,12,0,1,1
140321,140313,8,0,8,0,1,1
141802,141801,1,0,1,0,1,1
140845,140845,0,0,0,0,0,0
141603,141603,0,0,0,0,0,0
142218,142218,0,0,0,0,0,0
143287,143254,33,0,33,0,1,1
143344,143344,0,0,0,0,0,0
144414,144409,5,0,5,0,1,1
148276,148276,0,0,0,0,0,0
150662,150662,0,0,0,0,0,0
151490,151489,1,0,1,0,1,1
158216,158216,0,0,0,0,0,0
159383,159383,0,0,0,0,0,0
162657,162654,3,0,3,0,1,1
170214,170214,0,0,0,0,0,0
173410,173399,11,0,11,0,1,1
177565,177546,19,0,19,0,1,1
185794,185794,0,0,0,0,0,0
188146,188146,0,0,0,0,0,0
190662,190657,5,0,5,0,1,1
193208,193208,0,0,0,0,0,0
197202,197202,0,0,0,0,0,0
205982,205980,2,0,2,0,1,1
211389,211389,0,0,0,0,0,0
213015,212998,17,0,17,0,1,1
216369,216369,0,0,0,0,0,0
220895,220895,0,0,0,0,0,0
225636,225622,14,0,14,0,1,1
228636,228636,0,0,0,0,0,0
231051,231037,14,0,14,0,1,1
238382,238382,0,0,0,0,0,0
246467,246467,0,0,0,0,0,0
248040,248039,1,0,1,0,1,1
251125,251125,0,0,0,0,0,0
257087,257087,0,0,0,0,0,0
261682,261681,1,0,1,0,1,1
267745,267744,1,0,1,0,1,1
269347,269347,0,0,0,0,0,0
272258,272258,0,0,0,0,0,0
274949,274949,0,0,0,0,0,0
272431,272430,1,0,1,0,1,1
276349,276349,0,0,0,0,0,0
275185,275185,0,0,0,0,0,0
276789,276789,0,0,0,0,0,0
276144,276144,0,0,0,0,0,0
276420,276420,0,0,0,0,0,0
278603,278603,0,0,0,0,0,0
276622,276579,43,0,43,0,2,2
321466,321466,0,0,0,0,0,0
320228,320228,0,0,0,0,0,0
315498,315498,0,0,0,0,0,0
317547,317547,0,0,0,0,0,0
313954,313954,0,0,0,0,0,0
321415,321411,4,0,4,0,1,1
312645,312645,0,0,0,0,0,0
317741,317741,0,0,0,0,0,0
314572,314572,0,0,0,0,0,0
315925,315912,13,0,13,0,2,2
308159,308158,1,0,1,0,1,1
318378,318366,12,0,12,0,1,1
314433,314413,20,0,20,0,3,3
312725,312724,1,0,1,0,1,1
313001,313001,0,0,0,0,0,0
316326,316326,0,0,0,0,0,0
