coverage,wt.counts,mut.count,s.count,ns.count,stp.count,aa.sampled,codons.sampled
1586997,1586997,0,0,0,0,0,0
1580350,1580282,68,0,68,0,1,1
1575636,1575636,0,0,0,0,0,0
1576394,1576388,6,0,6,0,2,2
1564524,1564203,321,0,321,0,1,1
1556039,1556037,2,0,2,0,1,1
1558664,1558664,0,0,0,0,0,0
1532848,1532848,0,0,0,0,0,0
1563937,1563937,0,0,0,0,0,0
1543816,1543796,20,0,20,0,1,1
1537407,1537372,35,0,35,0,1,1
1553004,1553004,0,0,0,0,0,0
1550118,1550060,58,0,58,0,2,2
1536589,1536589,0,0,0,0,0,0
1486399,1486325,74,0,74,0,1,1
1519462,1519462,0,0,0,0,0,0
1548183,1548114,69,0,69,0,1,1
1547418,1547366,52,0,52,0,2,2
1436932,1436925,7,0,7,0,1,1
1495618,1495617,1,0,1,0,1,1
1493846,1493625,221,0,221,0,2,2
1506548,1506489,59,0,59,0,1,1
1470566,1470565,1,0,1,0,1,1
1487526,1487514,12,0,12,0,1,1
1461249,1461249,0,0,0,0,0,0
819856,819845,11,0,11,0,1,1
827804,827804,0,0,0,0,0,0
840142,840141,1,0,1,0,1,1
848729,848729,0,0,0,0,0,0
853251,853250,1,0,1,0,1,1
836308,836308,0,0,0,0,0,0
843360,843357,3,0,3,0,1,1
847809,847763,46,0,46,0,2,2
847980,847975,5,0,5,0,1,1
833495,833489,6,0,6,0,2,2
830639,830622,17,0,17,0,1,1
836828,836789,39,0,39,0,2,2
837569,837522,47,0,47,0,1,1
831372,831361,11,0,11,0,2,2
834908,834908,0,0,0,0,0,0
833043,833041,2,0,2,0,2,2
826835,826823,12,0,12,0,1,1
830584,830584,0,0,0,0,0,0
800517,800515,2,0,2,0,1,1
771526,771526,0,0,0,0,0,0
740157,740134,23,0,23,0,1,1
772042,772024,18,0,18,0,1,1
782031,782031,0,0,0,0,0,0
784467,784368,99,0,99,0,2,2
794125,794124,1,0,1,0,1,1
796590,796590,0,0,0,0,0,0
799441,799441,0,0,0,0,0,0
798938,798932,6,0,6,0,1,1
794775,794775,0,0,0,0,0,0
785090,785086,4,0,4,0,1,1
779929,779916,13,0,13,0,1,1
778222,778210,12,0,12,0,3,3
775628,775579,49,0,49,0,1,1
765998,765998,0,0,0,0,0,0
753014,753014,0,0,0,0,0,0
753949,753944,5,0,5,0,1,1
742980,742974,6,0,6,0,2,2
756488,756485,3,0,3,0,1,1
762653,762653,0,0,0,0,0,0
750524,750456,68,0,68,0,1,1
745702,745702,0,0,0,0,0,0
744414,744387,27,0,27,0,1,1
738490,738489,1,0,1,0,1,1
735364,735364,0,0,0,0,0,0
734833,734829,4,0,4,0,2,2
728812,728812,0,0,0,0,0,0
733084,733084,0,0,0,0,0,0
732256,732247,9,0,9,0,1,1
733312,733311,1,0,1,0,1,1
730645,730623,22,0,22,0,2,2
737319,737305,14,0,14,0,1,1
740861,740861,0,0,0,0,0,0
746386,746386,0,0,0,0,0,0
726700,726700,0,0,0,0,0,0
734105,734100,5,0,5,0,2,2
726012,726011,1,0,1,0,1,1
718304,718293,11,0,11,0,1,1
714566,714566,0,0,0,0,0,0
694673,694672,1,0,1,0,1,1
695592,695592,0,0,0,0,0,0
688169,688169,0,0,0,0,0,0
691647,691647,0,0,0,0,0,0
680580,680578,2,0,2,0,1,1
680751,680751,0,0,0,0,0,0
673988,673981,7,0,7,0,1,1
667611,667608,3,0,3,0,1,1
652540,652540,0,0,0,0,0,0
661441,661427,14,0,14,0,2,2
664684,664684,0,0,0,0,0,0
659176,659176,0,0,0,0,0,0
663060,663060,0,0,0,0,0,0
655234,655183,51,0,51,0,2,2
665155,665155,0,0,0,0,0,0
666148,666148,0,0,0,0,0,0
661256,661226,30,0,30,0,1,1
659627,659627,0,0,0,0,0,0
658818,658812,6,0,6,0,1,1
650045,650029,16,0,16,0,1,1
647000,647000,0,0,0,0,0,0
650234,650172,62,0,62,0,1,1
642181,642181,0,0,0,0,0,0
631274,631274,0,0,0,0,0,0
628018,628018,0,0,0,0,0,0
631847,631847,0,0,0,0,0,0
633210,633210,0,0,0,0,0,0
631815,631809,6,0,6,0,1,1
621907,621907,0,0,0,0,0,0
613545,613545,0,0,0,0,0,0
617249,617241,8,0,8,0,1,1
619134,619127,7,0,7,0,1,1
617163,617163,0,0,0,0,0,0
603429,603429,0,0,0,0,0,0
600881,600880,1,0,1,0,1,1
589860,589859,1,0,1,0,1,1
586386,586345,41,0,41,0,2,2
592544,592541,3,0,3,0,1,1
596637,596626,11,0,11,0,1,1
590930,590925,5,0,5,0,1,1
583687,583687,0,0,0,0,0,0
581560,581560,0,0,0,0,0,0
578126,578118,8,0,8,0,1,1
574649,574649,0,0,0,0,0,0
571117,571105,12,0,12,0,1,1
574823,574788,35,0,35,0,1,1
572423,572423,0,0,0,0,0,0
563903,563876,27,0,27,0,2,2
561711,561680,31,0,31,0,1,1
558599,558599,0,0,0,0,0,0
554272,554257,15,0,15,0,1,1
543531,543531,0,0,0,0,0,0
539932,539884,48,0,48,0,1,1
537798,537798,0,0,0,0,0,0
531350,531350,0,0,0,0,0,0
534229,534229,0,0,0,0,0,0
534277,534277,0,0,0,0,0,0
532641,532639,2,0,2,0,1,1
528826,528826,0,0,0,0,0,0
529498,529498,0,0,0,0,0,0
524257,524253,4,0,4,0,2,2
519906,519906,0,0,0,0,0,0
519290,519264,26,0,26,0,1,1
520672,520651,21,0,21,0,1,1
520600,520556,44,0,44,0,1,1
511314,511297,17,0,17,0,1,1
508278,508268,10,0,10,0,1,1
514647,514645,2,0,2,0,1,1
519628,519628,0,0,0,0,0,0
516654,516637,17,0,17,0,1,1
506487,506486,1,0,1,0,1,1
506881,506879,2,0,2,0,1,1
505150,505150,0,0,0,0,0,0
511648,511623,25,0,25,0,1,1
516729,516716,13,0,13,0,2,2
513138,513136,2,0,2,0,1,1
516054,516054,0,0,0,0,0,0
522611,522592,19,0,19,0,1,1
515052,515052,0,0,0,0,0,0
520557,520552,5,0,5,0,1,1
522847,522847,0,0,0,0,0,0
526154,526154,0,0,0,0,0,0
521387,521381,6,0,6,0,1,1
525124,525124,0,0,0,0,0,0
518695,518695,0,0,0,0,0,0
519929,519929,0,0,0,0,0,0
513233,513233,0,0,0,0,0,0
510428,510428,0,0,0,0,0,0
515357,515357,0,0,0,0,0,0
519998,519998,0,0,0,0,0,0
524252,524249,3,0,3,0,1,1
523455,523453,2,0,2,0,1,1
517205,517179,26,0,26,0,1,1
525874,525870,4,0,4,0,1,1
528307,528306,1,0,1,0,1,1
528597,528585,12,0,12,0,2,2
527013,527013,0,0,0,0,0,0
522009,522004,5,0,5,0,1,1
531755,531754,1,0,1,0,1,1
536210,536195,15,0,15,0,1,1
543422,543411,11,0,11,0,1,1
541473,541466,7,0,7,0,1,1
546545,546545,0,0,0,0,0,0
548637,548637,0,0,0,0,0,0
551284,551269,15,0,15,0,1,1
555485,555485,0,0,0,0,0,0
555016,555008,8,0,8,0,1,1
552252,552251,1,0,1,0,1,1
536616,536616,0,0,0,0,0,0
550364,550361,3,0,3,0,1,1
556245,556221,24,0,24,0,1,1
558361,558358,3,0,3,0,1,1
551472,551461,11,0,11,0,1,1
560801,560799,2,0,2,0,2,2
563557,563557,0,0,0,0,0,0
560344,560338,6,0,6,0,1,1
551986,551986,0,0,0,0,0,0
559071,559057,14,0,14,0,1,1
568338,568338,0,0,0,0,0,0
568809,568798,11,0,11,0,2,2
567828,567790,38,0,38,0,1,1
569353,569322,31,0,31,0,1,1
566058,566058,0,0,0,0,0,0
565839,565839,0,0,0,0,0,0
567598,567583,15,0,15,0,1,1
576076,576076,0,0,0,0,0,0
576582,576571,11,0,11,0,1,1
576980,576965,15,0,15,0,1,1
579051,579027,24,0,24,0,1,1
576497,576457,40,0,40,0,2,2
567181,567178,3,0,3,0,1,1
574367,574354,13,0,13,0,1,1
574074,574073,1,0,1,0,1,1
579544,579541,3,0,3,0,1,1
582747,582724,23,0,23,0,1,1
585978,585973,5,0,5,0,1,1
581214,581214,0,0,0,0,0,0
586392,586360,32,0,32,0,1,1
587995,587995,0,0,0,0,0,0
584804,584804,0,0,0,0,0,0
589085,589085,0,0,0,0,0,0
582160,582159,1,0,1,0,1,1
577928,577928,0,0,0,0,0,0
577782,577782,0,0,0,0,0,0
583163,583160,3,0,3,0,1,1
583691,583691,0,0,0,0,0,0
579916,579912,4,0,4,0,1,1
582189,582189,0,0,0,0,0,0
569127,569127,0,0,0,0,0,0
570333,570333,0,0,0,0,0,0
574427,574427,0,0,0,0,0,0
570656,570632,24,0,24,0,1,1
569145,569024,121,0,121,0,1,1
566009,565986,23,0,23,0,1,1
562245,562245,0,0,0,0,0,0
560186,560170,16,0,16,0,1,1
554215,554211,4,0,4,0,1,1
551541,551524,17,0,17,0,2,2
562832,562815,17,0,17,0,1,1
570864,570863,1,0,1,0,1,1
574331,574321,10,0,10,0,1,1
572284,572284,0,0,0,0,0,0
573326,573325,1,0,1,0,1,1
572008,572008,0,0,0,0,0,0
558070,558067,3,0,3,0,1,1
558213,558213,0,0,0,0,0,0
561439,561425,14,0,14,0,1,1
567416,567416,0,0,0,0,0,0
571200,571195,5,0,5,0,1,1
576952,576952,0,0,0,0,0,0
579319,579309,10,0,10,0,1,1
575429,575429,0,0,0,0,0,0
556738,556714,24,0,24,0,1,1
558489,558489,0,0,0,0,0,0
555953,555920,33,0,33,0,1,1
563668,563667,1,0,1,0,1,1
559810,559797,13,0,13,0,2,2
558152,558144,8,0,8,0,1,1
560342,560342,0,0,0,0,0,0
562732,562732,0,0,0,0,0,0
561533,561530,3,0,3,0,1,1
562602,562573,29,0,29,0,1,1
555542,555542,0,0,0,0,0,0
542235,542229,6,0,6,0,1,1
553120,553120,0,0,0,0,0,0
555727,555725,2,0,2,0,1,1
545541,545503,38,0,38,0,2,2
543190,543190,0,0,0,0,0,0
537790,537763,27,0,27,0,1,1
529067,529067,0,0,0,0,0,0
531118,531074,44,0,44,0,1,1
527799,527765,34,0,34,0,1,1
525717,525717,0,0,0,0,0,0
523237,523237,0,0,0,0,0,0
533089,533085,4,0,4,0,1,1
534897,534896,1,0,1,0,1,1
523631,523626,5,0,5,0,1,1
525706,525694,12,0,12,0,1,1
511859,511859,0,0,0,0,0,0
508807,508807,0,0,0,0,0,0
504357,504349,8,0,8,0,1,1
507899,507876,23,0,23,0,1,1
502626,502624,2,0,2,0,1,1
512395,512382,13,0,13,0,1,1
502522,502522,0,0,0,0,0,0
513814,513810,4,0,4,0,1,1
520380,520379,1,0,1,0,1,1
517566,517491,75,0,75,0,3,3
509124,509124,0,0,0,0,0,0
502679,502678,1,0,1,0,1,1
498125,498125,0,0,0,0,0,0
513742,513742,0,0,0,0,0,0
506106,506103,3,0,3,0,1,1
516133,516124,9,0,9,0,1,1
518897,518878,19,0,19,0,1,1
511760,511758,2,0,2,0,1,1
519694,519694,0,0,0,0,0,0
514203,514163,40,0,40,0,3,3
514148,514146,2,0,2,0,1,1
514431,514431,0,0,0,0,0,0
514257,514256,1,0,1,0,1,1
526105,526094,11,0,11,0,1,1
533312,533299,13,0,13,0,2,2
528283,528283,0,0,0,0,0,0
528532,528532,0,0,0,0,0,0
535037,535031,6,0,6,0,1,1
545534,545514,20,0,20,0,1,1
545680,545671,9,0,9,0,1,1
544212,544212,0,0,0,0,0,0
553239,553237,2,0,2,0,1,1
559375,559373,2,0,2,0,2,2
561801,561801,0,0,0,0,0,0
568579,568579,0,0,0,0,0,0
568449,568444,5,0,5,0,1,1
578226,578226,0,0,0,0,0,0
587476,587475,1,0,1,0,1,1
587645,587645,0,0,0,0,0,0
596486,596486,0,0,0,0,0,0
600117,600117,0,0,0,0,0,0
598774,598774,0,0,0,0,0,0
591976,591948,28,0,28,0,1,1
594066,594066,0,0,0,0,0,0
591978,591978,0,0,0,0,0,0
596367,596361,6,0,6,0,1,1
585472,585472,0,0,0,0,0,0
589683,589669,14,0,14,0,1,1
599473,599453,20,0,20,0,1,1
599116,599115,1,0,1,0,1,1
609987,609985,2,0,2,0,1,1
608440,608432,8,0,8,0,1,1
602046,602046,0,0,0,0,0,0
598048,598042,6,0,6,0,1,1
603225,603224,1,0,1,0,1,1
602319,602318,1,0,1,0,1,1
608778,608778,0,0,0,0,0,0
608580,608570,10,0,10,0,1,1
601727,601727,0,0,0,0,0,0
613976,613973,3,0,3,0,1,1
613474,613474,0,0,0,0,0,0
607459,607447,12,0,12,0,2,2
609208,609208,0,0,0,0,0,0
610834,610834,0,0,0,0,0,0
605752,605752,0,0,0,0,0,0
607340,607340,0,0,0,0,0,0
609349,609349,0,0,0,0,0,0
612146,612146,0,0,0,0,0,0
613068,613068,0,0,0,0,0,0
615155,615140,15,0,15,0,1,1
615357,615357,0,0,0,0,0,0
603980,603970,10,0,10,0,2,2
606955,606909,46,0,46,0,2,2
610834,610815,19,0,19,0,1,1
607113,607113,0,0,0,0,0,0
598355,598355,0,0,0,0,0,0
594804,594804,0,0,0,0,0,0
599176,599174,2,0,2,0,1,1
595022,595005,17,0,17,0,2,2
590067,590043,24,0,24,0,2,2
596710,596667,43,0,43,0,1,1
601443,601443,0,0,0,0,0,0
603752,603751,1,0,1,0,1,1
605677,605677,0,0,0,0,0,0
603988,603947,41,0,41,0,1,1
604514,604511,3,0,3,0,1,1
607146,607146,0,0,0,0,0,0
606355,606339,16,0,16,0,2,2
605685,605685,0,0,0,0,0,0
599608,599590,18,0,18,0,1,1
600957,600954,3,0,3,0,1,1
603241,603241,0,0,0,0,0,0
608149,608146,3,0,3,0,1,1
599703,599700,3,0,3,0,1,1
598353,598353,0,0,0,0,0,0
590023,590023,0,0,0,0,0,0
592869,592868,1,0,1,0,1,1
583212,583175,37,0,37,0,2,2
584460,584460,0,0,0,0,0,0
581095,581074,21,0,21,0,1,1
578996,578986,10,0,10,0,1,1
576039,576004,35,0,35,0,1,1
569841,569841,0,0,0,0,0,0
571544,571544,0,0,0,0,0,0
578677,578677,0,0,0,0,0,0
577413,577413,0,0,0,0,0,0
572377,572377,0,0,0,0,0,0
559789,559775,14,0,14,0,2,2
557952,557950,2,0,2,0,1,1
562572,562527,45,0,45,0,1,1
572871,572871,0,0,0,0,0,0
566416,566416,0,0,0,0,0,0
565961,565957,4,0,4,0,1,1
566623,566607,16,0,16,0,1,1
568365,568361,4,0,4,0,1,1
563653,563653,0,0,0,0,0,0
553254,553217,37,0,37,0,2,2
549497,549496,1,0,1,0,1,1
548639,548638,1,0,1,0,1,1
552147,552147,0,0,0,0,0,0
554685,554675,10,0,10,0,1,1
553909,553904,5,0,5,0,1,1
557517,557517,0,0,0,0,0,0
556315,556311,4,0,4,0,1,1
560914,560914,0,0,0,0,0,0
564307,564307,0,0,0,0,0,0
568443,568412,31,0,31,0,1,1
566451,566451,0,0,0,0,0,0
575508,575508,0,0,0,0,0,0
570944,570944,0,0,0,0,0,0
576093,576093,0,0,0,0,0,0
575648,575647,1,0,1,0,1,1
585358,585358,0,0,0,0,0,0
583046,583045,1,0,1,0,1,1
586287,586283,4,0,4,0,1,1
590636,590630,6,0,6,0,1,1
593310,593310,0,0,0,0,0,0
596151,596147,4,0,4,0,1,1
599705,599705,0,0,0,0,0,0
599161,599161,0,0,0,0,0,0
600621,600613,8,0,8,0,1,1
599856,599849,7,0,7,0,1,1
598478,598473,5,0,5,0,1,1
603295,603295,0,0,0,0,0,0
600362,600296,66,0,66,0,1,1
602451,602428,23,0,23,0,1,1
597952,597949,3,0,3,0,1,1
599168,599147,21,0,21,0,1,1
591151,591149,2,0,2,0,1,1
587581,587579,2,0,2,0,1,1
590115,590115,0,0,0,0,0,0
590892,590889,3,0,3,0,1,1
589318,589318,0,0,0,0,0,0
583278,583278,0,0,0,0,0,0
572358,572358,0,0,0,0,0,0
578396,578391,5,0,5,0,1,1
576065,576029,36,0,36,0,1,1
574875,574871,4,0,4,0,1,1
575216,575214,2,0,2,0,1,1
559992,559992,0,0,0,0,0,0
564070,564070,0,0,0,0,0,0
557992,557969,23,0,23,0,3,3
560252,560252,0,0,0,0,0,0
563196,563196,0,0,0,0,0,0
559223,559215,8,0,8,0,1,1
550508,550486,22,0,22,0,1,1
547229,547229,0,0,0,0,0,0
551683,551683,0,0,0,0,0,0
549795,549795,0,0,0,0,0,0
542509,542509,0,0,0,0,0,0
541626,541623,3,0,3,0,1,1
539744,539741,3,0,3,0,1,1
548618,548617,1,0,1,0,1,1
541252,541252,0,0,0,0,0,0
534036,534036,0,0,0,0,0,0
536915,536896,19,0,19,0,1,1
531921,531921,0,0,0,0,0,0
538863,538863,0,0,0,0,0,0
536679,536679,0,0,0,0,0,0
535292,535283,9,0,9,0,1,1
534544,534539,5,0,5,0,1,1
537897,537878,19,0,19,0,1,1
539414,539414,0,0,0,0,0,0
540758,540756,2,0,2,0,1,1
553256,553233,23,0,23,0,1,1
547941,547941,0,0,0,0,0,0
549973,549973,0,0,0,0,0,0
548413,548413,0,0,0,0,0,0
553451,553451,0,0,0,0,0,0
543626,543626,0,0,0,0,0,0
553728,553728,0,0,0,0,0,0
552942,552890,52,0,52,0,3,3
553180,553180,0,0,0,0,0,0
553293,553288,5,0,5,0,1,1
551774,551774,0,0,0,0,0,0
553813,553809,4,0,4,0,1,1
558248,558248,0,0,0,0,0,0
559932,559932,0,0,0,0,0,0
560069,560069,0,0,0,0,0,0
563946,563944,2,0,2,0,1,1
563162,563161,1,0,1,0,1,1
568152,568152,0,0,0,0,0,0
573179,573179,0,0,0,0,0,0
574630,574630,0,0,0,0,0,0
583231,583088,143,0,143,0,1,1
597899,597899,0,0,0,0,0,0
599568,599564,4,0,4,0,1,1
601098,601098,0,0,0,0,0,0
601301,601301,0,0,0,0,0,0
603140,603140,0,0,0,0,0,0
610743,610707,36,0,36,0,3,3
620712,620712,0,0,0,0,0,0
614942,614916,26,0,26,0,2,2
624432,624432,0,0,0,0,0,0
631359,631359,0,0,0,0,0,0
640563,640544,19,0,19,0,1,1
643346,643346,0,0,0,0,0,0
643214,643212,2,0,2,0,1,1
645929,645897,32,0,32,0,1,1
642899,642898,1,0,1,0,1,1
640653,640651,2,0,2,0,1,1
644134,644130,4,0,4,0,1,1
651450,651450,0,0,0,0,0,0
649488,649483,5,0,5,0,1,1
664582,664582,0,0,0,0,0,0
669319,669308,11,0,11,0,1,1
668119,668119,0,0,0,0,0,0
672135,672135,0,0,0,0,0,0
670395,670391,4,0,4,0,1,1
674512,674503,9,0,9,0,1,1
676332,676332,0,0,0,0,0,0
696339,696323,16,0,16,0,2,2
704793,704737,56,0,56,0,1,1
708589,708588,1,0,1,0,1,1
719538,719487,51,0,51,0,1,1
724591,724591,0,0,0,0,0,0
733726,733703,23,0,23,0,2,2
733717,733717,0,0,0,0,0,0
738719,738719,0,0,0,0,0,0
733875,733857,18,0,18,0,2,2
742713,742713,0,0,0,0,0,0
748803,748799,4,0,4,0,1,1
759156,759153,3,0,3,0,1,1
745232,745222,10,0,10,0,1,1
735025,735023,2,0,2,0,1,1
727260,727257,3,0,3,0,1,1
735172,735167,5,0,5,0,1,1
725988,725988,0,0,0,0,0,0
718964,718964,0,0,0,0,0,0
724433,724429,4,0,4,0,1,1
729157,729157,0,0,0,0,0,0
738080,738071,9,0,9,0,2,2
741888,741877,11,0,11,0,3,3
731460,731455,5,0,5,0,1,1
736136,736133,3,0,3,0,1,1
738292,738292,0,0,0,0,0,0
738461,738461,0,0,0,0,0,0
762656,762634,22,0,22,0,1,1
782625,782614,11,0,11,0,1,1
786248,786196,52,0,52,0,1,1
773052,773030,22,0,22,0,2,2
778741,778741,0,0,0,0,0,0
779418,779379,39,0,39,0,1,1
791548,791535,13,0,13,0,1,1
797413,797413,0,0,0,0,0,0
799818,799811,7,0,7,0,1,1
808964,808958,6,0,6,0,2,2
811198,811198,0,0,0,0,0,0
808041,808041,0,0,0,0,0,0
808736,808736,0,0,0,0,0,0
814415,814413,2,0,2,0,1,1
824863,824863,0,0,0,0,0,0
831293,831293,0,0,0,0,0,0
826575,826575,0,0,0,0,0,0
826242,826242,0,0,0,0,0,0
835465,835464,1,0,1,0,1,1
845280,845276,4,0,4,0,1,1
844524,844472,52,0,52,0,1,1
859162,859161,1,0,1,0,1,1
856946,856946,0,0,0,0,0,0
845632,845632,0,0,0,0,0,0
845615,845606,9,0,9,0,1,1
848134,848108,26,0,26,0,1,1
844699,844699,0,0,0,0,0,0
863179,863016,163,0,163,0,2,2
858530,858525,5,0,5,0,1,1
861551,861551,0,0,0,0,0,0
868126,868124,2,0,2,0,1,1
1418298,1418292,6,0,6,0,1,1
1430827,1430827,0,0,0,0,0,0
1428757,1428748,9,0,9,0,1,1
1475466,1475466,0,0,0,0,0,0
1459660,1459563,97,0,97,0,1,1
1497108,1497056,52,0,52,0,2,2
1512627,1512626,1,0,1,0,1,1
1508696,1508556,140,0,140,0,1,1
1507850,1507850,0,0,0,0,0,0
1522090,1522089,1,0,1,0,1,1
1503017,1503017,0,0,0,0,0,0
1509176,1509137,39,0,39,0,1,1
1510997,1510997,0,0,0,0,0,0
1510152,1510144,8,0,8,0,3,3
1514220,1514218,2,0,2,0,1,1
1530682,1530682,0,0,0,0,0,0
1530704,1530704,0,0,0,0,0,0
1534968,1534968,0,0,0,0,0,0
1558470,1558470,0,0,0,0,0,0
