coverage,wt.counts,mut.count,s.count,ns.count,stp.count,aa.sampled,codons.sampled
945240,945240,0,0,0,0,0,0
942078,942065,13,0,13,0,1,1
941378,941378,0,0,0,0,0,0
940948,940947,1,0,1,0,1,1
936260,935966,294,0,294,0,1,1
931590,931590,0,0,0,0,0,0
937361,937361,0,0,0,0,0,0
917004,917004,0,0,0,0,0,0
943570,943569,1,0,1,0,1,1
931203,931200,3,0,3,0,1,1
921440,921429,11,0,11,0,1,1
934644,934644,0,0,0,0,0,0
940312,940288,24,0,24,0,1,1
927095,927095,0,0,0,0,0,0
912639,912591,48,0,48,0,2,2
923449,923449,0,0,0,0,0,0
939005,938978,27,0,27,0,1,1
939859,939842,17,0,17,0,1,1
881113,881111,2,0,2,0,1,1
905514,905514,0,0,0,0,0,0
903226,903117,109,0,109,0,2,2
908283,908248,35,0,35,0,1,1
884870,884870,0,0,0,0,0,0
896581,896579,2,0,2,0,1,1
875342,875342,0,0,0,0,0,0
533522,533522,0,0,0,0,0,0
542615,542615,0,0,0,0,0,0
554994,554994,0,0,0,0,0,0
560285,560285,0,0,0,0,0,0
560635,560635,0,0,0,0,0,0
551606,551606,0,0,0,0,0,0
558940,558939,1,0,1,0,1,1
559731,559716,15,0,15,0,1,1
556272,556271,1,0,1,0,1,1
544160,544158,2,0,2,0,1,1
540637,540637,0,0,0,0,0,0
543799,543788,11,0,11,0,1,1
544157,544145,12,0,12,0,1,1
537339,537337,2,0,2,0,1,1
545906,545906,0,0,0,0,0,0
549392,549392,0,0,0,0,0,0
547266,547264,2,0,2,0,1,1
538197,538197,0,0,0,0,0,0
514391,514390,1,0,1,0,1,1
521805,521805,0,0,0,0,0,0
523715,523714,1,0,1,0,1,1
525729,525719,10,0,10,0,1,1
531276,531276,0,0,0,0,0,0
535959,535842,117,0,117,0,1,1
541190,541190,0,0,0,0,0,0
545448,545448,0,0,0,0,0,0
542272,542272,0,0,0,0,0,0
537446,537444,2,0,2,0,1,1
531464,531463,1,0,1,0,1,1
520157,520157,0,0,0,0,0,0
513471,513470,1,0,1,0,1,1
506950,506950,0,0,0,0,0,0
502463,502439,24,0,24,0,1,1
494236,494236,0,0,0,0,0,0
483703,483703,0,0,0,0,0,0
482042,482042,0,0,0,0,0,0
475421,475419,2,0,2,0,1,1
482569,482569,0,0,0,0,0,0
485024,485024,0,0,0,0,0,0
474562,474506,56,0,56,0,1,1
464171,464171,0,0,0,0,0,0
453181,453160,21,0,21,0,1,1
446412,446412,0,0,0,0,0,0
443825,443825,0,0,0,0,0,0
438643,438643,0,0,0,0,0,0
431124,431124,0,0,0,0,0,0
430549,430549,0,0,0,0,0,0
427815,427812,3,0,3,0,1,1
426479,426478,1,0,1,0,1,1
418491,418485,6,0,6,0,1,1
419537,419535,2,0,2,0,1,1
421421,421421,0,0,0,0,0,0
424686,424686,0,0,0,0,0,0
409097,409090,7,0,7,0,1,1
410290,410286,4,0,4,0,1,1
402279,402279,0,0,0,0,0,0
393777,393776,1,0,1,0,1,1
390263,390263,0,0,0,0,0,0
374102,374102,0,0,0,0,0,0
376813,376813,0,0,0,0,0,0
371842,371842,0,0,0,0,0,0
372350,372349,1,0,1,0,1,1
362093,362093,0,0,0,0,0,0
362164,362164,0,0,0,0,0,0
358840,358839,1,0,1,0,1,1
355849,355847,2,0,2,0,1,1
346571,346571,0,0,0,0,0,0
352429,352427,2,0,2,0,1,1
353668,353668,0,0,0,0,0,0
352537,352537,0,0,0,0,0,0
356257,356257,0,0,0,0,0,0
351847,351831,16,0,16,0,2,2
355645,355645,0,0,0,0,0,0
356297,356297,0,0,0,0,0,0
356190,356177,13,0,13,0,1,1
356332,356332,0,0,0,0,0,0
355148,355147,1,0,1,0,1,1
351778,351774,4,0,4,0,1,1
350925,350925,0,0,0,0,0,0
353691,353690,1,0,1,0,1,1
349805,349805,0,0,0,0,0,0
342366,342366,0,0,0,0,0,0
343141,343140,1,0,1,0,1,1
348242,348242,0,0,0,0,0,0
348705,348705,0,0,0,0,0,0
349231,349230,1,0,1,0,1,1
345438,345437,1,0,1,0,1,1
340026,340026,0,0,0,0,0,0
344818,344816,2,0,2,0,2,2
347364,347364,0,0,0,0,0,0
346377,346377,0,0,0,0,0,0
337486,337485,1,0,1,0,1,1
336104,336104,0,0,0,0,0,0
331696,331696,0,0,0,0,0,0
330674,330664,10,0,10,0,2,2
334673,334673,0,0,0,0,0,0
336851,336850,1,0,1,0,1,1
334893,334892,1,0,1,0,1,1
329105,329105,0,0,0,0,0,0
329081,329081,0,0,0,0,0,0
327055,327052,3,0,3,0,1,1
325514,325514,0,0,0,0,0,0
324126,324123,3,0,3,0,1,1
326954,326940,14,0,14,0,1,1
326423,326423,0,0,0,0,0,0
322567,322557,10,0,10,0,1,1
323224,323210,14,0,14,0,1,1
320880,320880,0,0,0,0,0,0
319585,319573,12,0,12,0,1,1
313800,313800,0,0,0,0,0,0
314006,313975,31,0,31,0,1,1
313004,313004,0,0,0,0,0,0
309523,309523,0,0,0,0,0,0
311346,311346,0,0,0,0,0,0
310127,310127,0,0,0,0,0,0
308083,308083,0,0,0,0,0,0
306100,306099,1,0,1,0,1,1
308014,308014,0,0,0,0,0,0
302939,302938,1,0,1,0,1,1
301146,301146,0,0,0,0,0,0
300227,300219,8,0,8,0,1,1
302322,302313,9,0,9,0,1,1
301543,301535,8,0,8,0,1,1
295327,295323,4,0,4,0,2,2
292909,292908,1,0,1,0,1,1
297022,297022,0,0,0,0,0,0
302413,302413,0,0,0,0,0,0
301661,301656,5,0,5,0,1,1
295913,295913,0,0,0,0,0,0
296637,296637,0,0,0,0,0,0
296088,296088,0,0,0,0,0,0
300487,300471,16,0,16,0,1,1
304666,304658,8,0,8,0,2,2
302360,302359,1,0,1,0,1,1
304589,304589,0,0,0,0,0,0
312012,312008,4,0,4,0,1,1
305842,305842,0,0,0,0,0,0
309448,309448,0,0,0,0,0,0
311421,311421,0,0,0,0,0,0
315085,315085,0,0,0,0,0,0
310766,310765,1,0,1,0,1,1
313634,313634,0,0,0,0,0,0
309845,309845,0,0,0,0,0,0
311372,311372,0,0,0,0,0,0
306256,306256,0,0,0,0,0,0
303443,303443,0,0,0,0,0,0
305622,305622,0,0,0,0,0,0
306936,306936,0,0,0,0,0,0
309746,309746,0,0,0,0,0,0
308940,308940,0,0,0,0,0,0
304133,304127,6,0,6,0,1,1
311038,311038,0,0,0,0,0,0
312285,312285,0,0,0,0,0,0
314465,314464,1,0,1,0,1,1
312405,312405,0,0,0,0,0,0
308810,308805,5,0,5,0,1,1
316688,316688,0,0,0,0,0,0
318902,318896,6,0,6,0,1,1
323855,323855,0,0,0,0,0,0
322013,322012,1,0,1,0,1,1
324713,324713,0,0,0,0,0,0
328573,328573,0,0,0,0,0,0
332314,332312,2,0,2,0,1,1
334180,334180,0,0,0,0,0,0
333778,333777,1,0,1,0,1,1
331981,331980,1,0,1,0,1,1
321768,321768,0,0,0,0,0,0
332781,332780,1,0,1,0,1,1
336371,336369,2,0,2,0,1,1
336220,336220,0,0,0,0,0,0
331480,331480,0,0,0,0,0,0
337634,337634,0,0,0,0,0,0
337122,337122,0,0,0,0,0,0
337742,337742,0,0,0,0,0,0
331829,331829,0,0,0,0,0,0
336686,336684,2,0,2,0,1,1
344511,344511,0,0,0,0,0,0
344914,344911,3,0,3,0,2,2
344378,344374,4,0,4,0,1,1
345606,345599,7,0,7,0,2,2
344806,344806,0,0,0,0,0,0
344846,344846,0,0,0,0,0,0
346550,346549,1,0,1,0,1,1
352410,352410,0,0,0,0,0,0
353296,353296,0,0,0,0,0,0
355136,355131,5,0,5,0,1,1
357682,357677,5,0,5,0,1,1
355616,355592,24,0,24,0,2,2
350959,350958,1,0,1,0,1,1
355569,355565,4,0,4,0,1,1
355070,355070,0,0,0,0,0,0
359204,359203,1,0,1,0,1,1
360366,360350,16,0,16,0,1,1
361751,361751,0,0,0,0,0,0
358313,358313,0,0,0,0,0,0
362073,362056,17,0,17,0,1,1
362944,362944,0,0,0,0,0,0
360670,360670,0,0,0,0,0,0
363175,363175,0,0,0,0,0,0
356308,356308,0,0,0,0,0,0
353873,353873,0,0,0,0,0,0
353645,353645,0,0,0,0,0,0
357807,357807,0,0,0,0,0,0
358645,358645,0,0,0,0,0,0
356618,356613,5,0,5,0,2,2
356859,356859,0,0,0,0,0,0
347458,347458,0,0,0,0,0,0
350319,350319,0,0,0,0,0,0
354356,354355,1,0,1,0,1,1
351900,351894,6,0,6,0,1,1
348966,348870,96,0,96,0,1,1
347110,347103,7,0,7,0,1,1
345753,345753,0,0,0,0,0,0
344148,344148,0,0,0,0,0,0
341585,341583,2,0,2,0,1,1
337079,337070,9,0,9,0,2,2
345564,345564,0,0,0,0,0,0
351280,351280,0,0,0,0,0,0
355450,355449,1,0,1,0,1,1
355632,355632,0,0,0,0,0,0
355664,355663,1,0,1,0,1,1
353620,353620,0,0,0,0,0,0
344144,344144,0,0,0,0,0,0
343062,343062,0,0,0,0,0,0
345447,345442,5,0,5,0,1,1
350258,350258,0,0,0,0,0,0
353628,353627,1,0,1,0,1,1
357112,357112,0,0,0,0,0,0
358072,358071,1,0,1,0,1,1
354784,354784,0,0,0,0,0,0
341850,341850,0,0,0,0,0,0
341288,341288,0,0,0,0,0,0
341006,340992,14,0,14,0,1,1
346775,346775,0,0,0,0,0,0
343454,343453,1,0,1,0,1,1
342340,342340,0,0,0,0,0,0
342990,342989,1,0,1,0,1,1
344298,344297,1,0,1,0,1,1
344863,344863,0,0,0,0,0,0
342689,342679,10,0,10,0,1,1
336020,336020,0,0,0,0,0,0
326587,326586,1,0,1,0,1,1
335043,335043,0,0,0,0,0,0
337176,337176,0,0,0,0,0,0
331159,331138,21,0,21,0,1,1
329428,329428,0,0,0,0,0,0
324311,324300,11,0,11,0,1,1
320463,320463,0,0,0,0,0,0
318110,318110,0,0,0,0,0,0
315981,315970,11,0,11,0,1,1
315807,315807,0,0,0,0,0,0
313822,313822,0,0,0,0,0,0
321558,321558,0,0,0,0,0,0
322171,322170,1,0,1,0,1,1
314419,314419,0,0,0,0,0,0
315712,315712,0,0,0,0,0,0
307210,307210,0,0,0,0,0,0
302978,302978,0,0,0,0,0,0
300150,300150,0,0,0,0,0,0
303720,303712,8,0,8,0,1,1
300844,300844,0,0,0,0,0,0
307751,307751,0,0,0,0,0,0
301657,301657,0,0,0,0,0,0
311094,311093,1,0,1,0,1,1
317054,317054,0,0,0,0,0,0
314976,314952,24,0,24,0,2,2
308896,308896,0,0,0,0,0,0
306553,306552,1,0,1,0,1,1
303387,303387,0,0,0,0,0,0
314018,314018,0,0,0,0,0,0
311980,311978,2,0,2,0,1,1
318329,318326,3,0,3,0,2,2
319753,319753,0,0,0,0,0,0
311747,311747,0,0,0,0,0,0
318306,318306,0,0,0,0,0,0
315648,315639,9,0,9,0,1,1
313393,313392,1,0,1,0,1,1
311366,311366,0,0,0,0,0,0
314679,314679,0,0,0,0,0,0
318809,318809,0,0,0,0,0,0
324423,324421,2,0,2,0,1,1
319892,319892,0,0,0,0,0,0
321118,321118,0,0,0,0,0,0
325519,325519,0,0,0,0,0,0
330721,330720,1,0,1,0,1,1
332311,332309,2,0,2,0,1,1
331436,331436,0,0,0,0,0,0
337706,337703,3,0,3,0,2,2
342493,342492,1,0,1,0,1,1
344968,344968,0,0,0,0,0,0
352517,352517,0,0,0,0,0,0
352461,352460,1,0,1,0,1,1
358370,358369,1,0,1,0,1,1
365834,365834,0,0,0,0,0,0
364997,364997,0,0,0,0,0,0
369387,369387,0,0,0,0,0,0
371961,371961,0,0,0,0,0,0
369869,369869,0,0,0,0,0,0
366433,366421,12,0,12,0,1,1
367327,367327,0,0,0,0,0,0
365911,365910,1,0,1,0,1,1
369868,369868,0,0,0,0,0,0
362062,362062,0,0,0,0,0,0
362637,362636,1,0,1,0,1,1
370678,370677,1,0,1,0,1,1
371922,371921,1,0,1,0,1,1
379251,379251,0,0,0,0,0,0
376999,376998,1,0,1,0,1,1
372976,372976,0,0,0,0,0,0
369736,369736,0,0,0,0,0,0
373096,373096,0,0,0,0,0,0
371147,371147,0,0,0,0,0,0
376412,376412,0,0,0,0,0,0
374360,374357,3,0,3,0,1,1
371045,371045,0,0,0,0,0,0
378190,378188,2,0,2,0,1,1
379136,379136,0,0,0,0,0,0
375154,375152,2,0,2,0,1,1
375104,375104,0,0,0,0,0,0
375536,375536,0,0,0,0,0,0
372544,372544,0,0,0,0,0,0
373040,373040,0,0,0,0,0,0
371594,371594,0,0,0,0,0,0
375020,375020,0,0,0,0,0,0
375706,375706,0,0,0,0,0,0
375414,375409,5,0,5,0,1,1
375684,375684,0,0,0,0,0,0
368413,368411,2,0,2,0,2,2
368236,368221,15,0,15,0,2,2
370570,370550,20,0,20,0,1,1
366460,366460,0,0,0,0,0,0
363862,363862,0,0,0,0,0,0
360938,360938,0,0,0,0,0,0
363056,363055,1,0,1,0,1,1
358266,358264,2,0,2,0,1,1
354200,354195,5,0,5,0,2,2
359844,359839,5,0,5,0,1,1
363407,363407,0,0,0,0,0,0
367010,367010,0,0,0,0,0,0
368165,368165,0,0,0,0,0,0
366519,366503,16,0,16,0,1,1
368319,368319,0,0,0,0,0,0
369831,369830,1,0,1,0,1,1
369535,369525,10,0,10,0,2,2
369236,369236,0,0,0,0,0,0
364113,364112,1,0,1,0,1,1
365963,365963,0,0,0,0,0,0
366091,366091,0,0,0,0,0,0
369675,369675,0,0,0,0,0,0
363779,363779,0,0,0,0,0,0
362791,362791,0,0,0,0,0,0
355082,355082,0,0,0,0,0,0
357104,357104,0,0,0,0,0,0
348737,348727,10,0,10,0,2,2
350680,350680,0,0,0,0,0,0
349072,349066,6,0,6,0,1,1
347941,347937,4,0,4,0,1,1
343629,343620,9,0,9,0,1,1
336754,336754,0,0,0,0,0,0
337258,337258,0,0,0,0,0,0
342888,342888,0,0,0,0,0,0
344007,344007,0,0,0,0,0,0
341440,341440,0,0,0,0,0,0
333942,333942,0,0,0,0,0,0
334580,334580,0,0,0,0,0,0
337757,337735,22,0,22,0,2,2
345203,345203,0,0,0,0,0,0
340061,340061,0,0,0,0,0,0
338865,338864,1,0,1,0,1,1
339450,339450,0,0,0,0,0,0
340671,340671,0,0,0,0,0,0
338615,338615,0,0,0,0,0,0
330378,330356,22,0,22,0,2,2
327970,327970,0,0,0,0,0,0
329037,329037,0,0,0,0,0,0
332079,332079,0,0,0,0,0,0
332222,332222,0,0,0,0,0,0
331071,331070,1,0,1,0,1,1
333268,333268,0,0,0,0,0,0
333080,333077,3,0,3,0,1,1
336015,336015,0,0,0,0,0,0
338363,338363,0,0,0,0,0,0
341860,341838,22,0,22,0,1,1
339882,339882,0,0,0,0,0,0
343488,343488,0,0,0,0,0,0
341494,341494,0,0,0,0,0,0
346857,346857,0,0,0,0,0,0
344290,344289,1,0,1,0,1,1
349438,349437,1,0,1,0,1,1
346014,346014,0,0,0,0,0,0
346156,346156,0,0,0,0,0,0
348175,348173,2,0,2,0,1,1
351293,351293,0,0,0,0,0,0
352722,352721,1,0,1,0,1,1
354962,354962,0,0,0,0,0,0
354312,354311,1,0,1,0,1,1
354773,354770,3,0,3,0,1,1
355646,355646,0,0,0,0,0,0
356315,356315,0,0,0,0,0,0
361454,361454,0,0,0,0,0,0
360269,360209,60,0,60,0,1,1
361974,361967,7,0,7,0,1,1
358702,358701,1,0,1,0,1,1
360747,360747,0,0,0,0,0,0
353710,353708,2,0,2,0,1,1
350778,350778,0,0,0,0,0,0
353291,353291,0,0,0,0,0,0
353279,353279,0,0,0,0,0,0
351234,351231,3,0,3,0,2,2
347048,347048,0,0,0,0,0,0
341293,341292,1,0,1,0,1,1
345832,345831,1,0,1,0,1,1
344712,344704,8,0,8,0,1,1
343372,343371,1,0,1,0,1,1
341315,341315,0,0,0,0,0,0
330034,330034,0,0,0,0,0,0
334828,334828,0,0,0,0,0,0
330783,330773,10,0,10,0,2,2
331606,331606,0,0,0,0,0,0
333347,333347,0,0,0,0,0,0
330187,330187,0,0,0,0,0,0
322507,322496,11,0,11,0,1,1
319494,319494,0,0,0,0,0,0
322982,322982,0,0,0,0,0,0
321250,321250,0,0,0,0,0,0
316890,316890,0,0,0,0,0,0
316643,316643,0,0,0,0,0,0
316422,316420,2,0,2,0,1,1
320750,320750,0,0,0,0,0,0
316542,316542,0,0,0,0,0,0
311646,311646,0,0,0,0,0,0
314152,314147,5,0,5,0,1,1
308243,308243,0,0,0,0,0,0
312542,312542,0,0,0,0,0,0
311459,311459,0,0,0,0,0,0
309758,309756,2,0,2,0,1,1
308310,308309,1,0,1,0,1,1
309989,309984,5,0,5,0,1,1
309483,309483,0,0,0,0,0,0
309298,309297,1,0,1,0,1,1
317504,317497,7,0,7,0,1,1
314901,314901,0,0,0,0,0,0
315917,315917,0,0,0,0,0,0
312535,312535,0,0,0,0,0,0
314321,314321,0,0,0,0,0,0
305197,305197,0,0,0,0,0,0
309692,309692,0,0,0,0,0,0
308225,308214,11,0,11,0,2,2
307468,307468,0,0,0,0,0,0
307243,307241,2,0,2,0,1,1
306079,306079,0,0,0,0,0,0
306070,306070,0,0,0,0,0,0
305876,305876,0,0,0,0,0,0
304118,304118,0,0,0,0,0,0
301460,301460,0,0,0,0,0,0
302458,302457,1,0,1,0,1,1
301242,301242,0,0,0,0,0,0
304056,304056,0,0,0,0,0,0
307919,307919,0,0,0,0,0,0
307490,307490,0,0,0,0,0,0
311350,311240,110,0,110,0,1,1
317870,317870,0,0,0,0,0,0
319119,319119,0,0,0,0,0,0
318388,318388,0,0,0,0,0,0
313661,313661,0,0,0,0,0,0
314922,314922,0,0,0,0,0,0
318988,318972,16,0,16,0,2,2
325413,325413,0,0,0,0,0,0
318842,318826,16,0,16,0,1,1
324095,324095,0,0,0,0,0,0
327561,327561,0,0,0,0,0,0
334153,334151,2,0,2,0,1,1
335865,335865,0,0,0,0,0,0
334854,334854,0,0,0,0,0,0
335920,335914,6,0,6,0,1,1
334654,334654,0,0,0,0,0,0
332938,332937,1,0,1,0,1,1
336450,336450,0,0,0,0,0,0
341959,341959,0,0,0,0,0,0
340395,340395,0,0,0,0,0,0
350001,350001,0,0,0,0,0,0
352756,352755,1,0,1,0,1,1
353292,353292,0,0,0,0,0,0
356313,356313,0,0,0,0,0,0
356074,356073,1,0,1,0,1,1
359368,359368,0,0,0,0,0,0
362133,362133,0,0,0,0,0,0
376345,376343,2,0,2,0,2,2
381948,381944,4,0,4,0,1,1
386081,386079,2,0,2,0,1,1
397262,397253,9,0,9,0,1,1
404302,404302,0,0,0,0,0,0
412878,412875,3,0,3,0,1,1
413718,413718,0,0,0,0,0,0
418435,418435,0,0,0,0,0,0
416802,416799,3,0,3,0,1,1
425313,425313,0,0,0,0,0,0
430383,430383,0,0,0,0,0,0
441253,441252,1,0,1,0,1,1
434270,434264,6,0,6,0,2,2
427806,427803,3,0,3,0,1,1
424464,424462,2,0,2,0,1,1
432028,432026,2,0,2,0,1,1
431814,431814,0,0,0,0,0,0
428438,428438,0,0,0,0,0,0
430553,430551,2,0,2,0,1,1
436276,436276,0,0,0,0,0,0
442034,442034,0,0,0,0,0,0
445582,445580,2,0,2,0,1,1
435664,435661,3,0,3,0,2,2
439533,439533,0,0,0,0,0,0
441442,441442,0,0,0,0,0,0
440335,440334,1,0,1,0,1,1
448394,448381,13,0,13,0,1,1
461368,461368,0,0,0,0,0,0
461893,461883,10,0,10,0,1,1
452092,452088,4,0,4,0,2,2
452119,452119,0,0,0,0,0,0
454054,454044,10,0,10,0,1,1
463748,463747,1,0,1,0,1,1
469552,469552,0,0,0,0,0,0
471973,471972,1,0,1,0,1,1
482051,482050,1,0,1,0,1,1
484683,484683,0,0,0,0,0,0
485487,485487,0,0,0,0,0,0
489249,489248,1,0,1,0,1,1
498800,498798,2,0,2,0,1,1
509803,509803,0,0,0,0,0,0
513261,513261,0,0,0,0,0,0
510049,510049,0,0,0,0,0,0
510541,510540,1,0,1,0,1,1
520754,520754,0,0,0,0,0,0
526536,526534,2,0,2,0,1,1
526242,526235,7,0,7,0,1,1
538414,538414,0,0,0,0,0,0
537292,537292,0,0,0,0,0,0
530429,530429,0,0,0,0,0,0
529069,529068,1,0,1,0,1,1
528133,528130,3,0,3,0,1,1
524826,524826,0,0,0,0,0,0
540948,540907,41,0,41,0,2,2
535933,535930,3,0,3,0,2,2
536714,536714,0,0,0,0,0,0
543678,543678,0,0,0,0,0,0
789510,789509,1,0,1,0,1,1
794379,794379,0,0,0,0,0,0
803715,803711,4,0,4,0,2,2
842239,842239,0,0,0,0,0,0
831519,831455,64,0,64,0,1,1
855569,855541,28,0,28,0,2,2
851464,851464,0,0,0,0,0,0
848083,847981,102,0,102,0,1,1
848758,848758,0,0,0,0,0,0
857391,857391,0,0,0,0,0,0
840801,840801,0,0,0,0,0,0
843829,843821,8,0,8,0,1,1
848203,848203,0,0,0,0,0,0
845729,845728,1,0,1,0,1,1
846005,846005,0,0,0,0,0,0
852498,852498,0,0,0,0,0,0
841440,841440,0,0,0,0,0,0
840939,840939,0,0,0,0,0,0
856540,856540,0,0,0,0,0,0
